DT_CODE,Area_Name,Age,Total_P,Total_M,Total_F,Rural,Rural_M,Rural_F,Urban,Urban_M,Urban_F
468,District - Kachchh (01),0,39392,20539,18853,27605,14415,13190,11787,6124,5663
469,District - Banas Kantha (02),0,61439,32557,28882,54842,28986,25856,6597,3571,3026
470,District - Patan   (03),0,21908,11620,10288,18192,9638,8554,3716,1982,1734
471,District - Mahesana (04),0,29461,16025,13436,22646,12207,10439,6815,3818,2997
472,District - Sabar Kantha (05),0,45136,23690,21446,39617,20817,18800,5519,2873,2646
473,District - Gandhinagar (06),0,21446,11502,9944,12884,6916,5968,8562,4586,3976
474,District - Ahmadabad (07),0,108691,58215,50476,19843,10540,9303,88848,47675,41173
475,District - Surendranagar (08),0,28842,15355,13487,21884,11658,10226,6958,3697,3261
476,District - Rajkot (09),0,54981,29539,25442,24379,13053,11326,30602,16486,14116
477,District - Jamnagar (10),0,32516,17259,15257,18972,9986,8986,13544,7273,6271
478,District - Porbandar  (11),0,7805,4087,3718,4248,2247,2001,3557,1840,1717
479,District - Junagadh (12),0,36839,19508,17331,25178,13324,11854,11661,6184,5477
480,District - Amreli (13),0,20673,11162,9511,15500,8316,7184,5173,2846,2327
481,District - Bhavnagar (14),0,45038,24047,20991,27999,14895,13104,17039,9152,7887
482,District - Anand   (15),0,33582,17802,15780,24604,13050,11554,8978,4752,4226
483,District - Kheda (16),0,36921,19597,17324,29566,15595,13971,7355,4002,3353
484,District - Panch Mahals (17),0,45265,23316,21949,39900,20472,19428,5365,2844,2521
485,District - Dohad   (18),0,49182,25270,23912,45780,23480,22300,3402,1790,1612
486,District - Vadodara (19),0,61634,32776,28858,35048,18327,16721,26586,14449,12137
487,District - Narmada (20),0,9612,4889,4723,8861,4506,4355,751,383,368
488,District - Bharuch (21),0,21632,11333,10299,14875,7709,7166,6757,3624,3133
489,District - The Dangs (22),0,4829,2438,2391,4481,2267,2214,348,171,177
490,District - Navsari   (23),0,17180,9014,8166,11978,6215,5763,5202,2799,2403
491,District - Valsad (24),0,26112,13597,12515,17851,9209,8642,8261,4388,3873
492,District - Surat (25),0,89376,49082,40294,17227,8911,8316,72149,40171,31978
493,District - Tapi (26),0,11375,5905,5470,10230,5305,4925,1145,600,545
468,District - Kachchh (01),1,44978,23514,21464,31246,16307,14939,13732,7207,6525
469,District - Banas Kantha (02),1,67708,35889,31819,60161,31800,28361,7547,4089,3458
470,District - Patan   (03),1,24676,12984,11692,20382,10737,9645,4294,2247,2047
471,District - Mahesana (04),1,33631,18319,15312,25918,14022,11896,7713,4297,3416
472,District - Sabar Kantha (05),1,50578,26648,23930,44321,23318,21003,6257,3330,2927
473,District - Gandhinagar (06),1,24151,13057,11094,14523,7823,6700,9628,5234,4394
474,District - Ahmadabad (07),1,124215,66753,57462,23364,12475,10889,100851,54278,46573
475,District - Surendranagar (08),1,32932,17435,15497,25048,13221,11827,7884,4214,3670
476,District - Rajkot (09),1,65019,34916,30103,28046,14991,13055,36973,19925,17048
477,District - Jamnagar (10),1,36984,19352,17632,21324,11152,10172,15660,8200,7460
478,District - Porbandar  (11),1,9260,4873,4387,4873,2585,2288,4387,2288,2099
479,District - Junagadh (12),1,43951,22907,21044,29897,15562,14335,14054,7345,6709
480,District - Amreli (13),1,23951,12715,11236,17870,9539,8331,6081,3176,2905
481,District - Bhavnagar (14),1,52965,28028,24937,32938,17370,15568,20027,10658,9369
482,District - Anand   (15),1,37719,19899,17820,27600,14581,13019,10119,5318,4801
483,District - Kheda (16),1,42799,22517,20282,33999,17837,16162,8800,4680,4120
484,District - Panch Mahals (17),1,52561,27400,25161,46106,24036,22070,6455,3364,3091
485,District - Dohad   (18),1,59242,30525,28717,54942,28236,26706,4300,2289,2011
486,District - Vadodara (19),1,74671,39686,34985,42315,22185,20130,32356,17501,14855
487,District - Narmada (20),1,11457,5870,5587,10519,5365,5154,938,505,433
488,District - Bharuch (21),1,26171,13751,12420,17586,9216,8370,8585,4535,4050
489,District - The Dangs (22),1,5644,2894,2750,5289,2694,2595,355,200,155
490,District - Navsari   (23),1,20288,10490,9798,13701,6979,6722,6587,3511,3076
491,District - Valsad (24),1,31289,16318,14971,20402,10563,9839,10887,5755,5132
492,District - Surat (25),1,109513,59928,49585,20290,10619,9671,89223,49309,39914
493,District - Tapi (26),1,13192,6799,6393,11852,6077,5775,1340,722,618
468,District - Kachchh (01),2,46297,23891,22406,32630,16771,15859,13667,7120,6547
469,District - Banas Kantha (02),2,74672,39290,35382,66757,35111,31646,7915,4179,3736
470,District - Patan   (03),2,26838,14211,12627,22290,11782,10508,4548,2429,2119
471,District - Mahesana (04),2,33488,17908,15580,26133,13873,12260,7355,4035,3320
472,District - Sabar Kantha (05),2,51438,26749,24689,45163,23452,21711,6275,3297,2978
473,District - Gandhinagar (06),2,23625,12541,11084,14174,7470,6704,9451,5071,4380
474,District - Ahmadabad (07),2,118381,63089,55292,23443,12390,11053,94938,50699,44239
475,District - Surendranagar (08),2,33936,17825,16111,26371,13824,12547,7565,4001,3564
476,District - Rajkot (09),2,61729,32974,28755,27317,14495,12822,34412,18479,15933
477,District - Jamnagar (10),2,36916,19228,17688,21272,10996,10276,15644,8232,7412
478,District - Porbandar  (11),2,8746,4634,4112,4817,2514,2303,3929,2120,1809
479,District - Junagadh (12),2,42970,22204,20766,29336,15103,14233,13634,7101,6533
480,District - Amreli (13),2,24661,13134,11527,18764,9925,8839,5897,3209,2688
481,District - Bhavnagar (14),2,54723,28618,26105,35080,18269,16811,19643,10349,9294
482,District - Anand   (15),2,36210,18836,17374,26430,13788,12642,9780,5048,4732
483,District - Kheda (16),2,41663,21590,20073,33520,17331,16189,8143,4259,3884
484,District - Panch Mahals (17),2,53096,27190,25906,47003,24015,22988,6093,3175,2918
485,District - Dohad   (18),2,63941,32687,31254,59923,30602,29321,4018,2085,1933
486,District - Vadodara (19),2,71137,37101,34036,41745,21394,20351,29392,15707,13685
487,District - Narmada (20),2,11256,5805,5451,10389,5348,5041,867,457,410
488,District - Bharuch (21),2,25017,12859,12158,17026,8656,8370,7991,4203,3788
489,District - The Dangs (22),2,6099,3117,2982,5685,2902,2783,414,215,199
490,District - Navsari   (23),2,18900,9725,9175,12794,6550,6244,6106,3175,2931
491,District - Valsad (24),2,31096,16045,15051,20649,10573,10076,10447,5472,4975
492,District - Surat (25),2,107244,58044,49200,20187,10369,9818,87057,47675,39382
493,District - Tapi (26),2,12639,6456,6183,11327,5769,5558,1312,687,625
468,District - Kachchh (01),3,46380,23818,22562,32733,16741,15992,13647,7077,6570
469,District - Banas Kantha (02),3,75157,38885,36272,67308,34719,32589,7849,4166,3683
470,District - Patan   (03),3,26915,13816,13099,22480,11527,10953,4435,2289,2146
471,District - Mahesana (04),3,33606,17745,15861,26099,13668,12431,7507,4077,3430
472,District - Sabar Kantha (05),3,51080,26266,24814,44955,23056,21899,6125,3210,2915
473,District - Gandhinagar (06),3,23607,12440,11167,14079,7303,6776,9528,5137,4391
474,District - Ahmadabad (07),3,119203,62869,56334,23675,12223,11452,95528,50646,44882
475,District - Surendranagar (08),3,35260,18147,17113,27296,13999,13297,7964,4148,3816
476,District - Rajkot (09),3,62688,32784,29904,27772,14386,13386,34916,18398,16518
477,District - Jamnagar (10),3,37742,19377,18365,21803,11118,10685,15939,8259,7680
478,District - Porbandar  (11),3,9277,4740,4537,5155,2662,2493,4122,2078,2044
479,District - Junagadh (12),3,44136,22795,21341,30540,15692,14848,13596,7103,6493
480,District - Amreli (13),3,25306,13001,12305,19290,9845,9445,6016,3156,2860
481,District - Bhavnagar (14),3,56251,29204,27047,35991,18520,17471,20260,10684,9576
482,District - Anand   (15),3,34881,18193,16688,25193,13200,11993,9688,4993,4695
483,District - Kheda (16),3,41131,20964,20167,32906,16710,16196,8225,4254,3971
484,District - Panch Mahals (17),3,53866,27584,26282,47838,24405,23433,6028,3179,2849
485,District - Dohad   (18),3,65133,33201,31932,61108,31139,29969,4025,2062,1963
486,District - Vadodara (19),3,70918,36811,34107,42038,21537,20501,28880,15274,13606
487,District - Narmada (20),3,11314,5826,5488,10438,5381,5057,876,445,431
488,District - Bharuch (21),3,25180,12905,12275,17108,8759,8349,8072,4146,3926
489,District - The Dangs (22),3,6047,3080,2967,5673,2891,2782,374,189,185
490,District - Navsari   (23),3,18850,9667,9183,12770,6444,6326,6080,3223,2857
491,District - Valsad (24),3,31275,16020,15255,20745,10484,10261,10530,5536,4994
492,District - Surat (25),3,105867,56463,49404,19829,10059,9770,86038,46404,39634
493,District - Tapi (26),3,12692,6435,6257,11456,5800,5656,1236,635,601
468,District - Kachchh (01),4,46718,24231,22487,32740,16889,15851,13978,7342,6636
469,District - Banas Kantha (02),4,75105,39362,35743,67076,35103,31973,8029,4259,3770
470,District - Patan   (03),4,27995,14692,13303,23238,12165,11073,4757,2527,2230
471,District - Mahesana (04),4,34648,18556,16092,26872,14290,12582,7776,4266,3510
472,District - Sabar Kantha (05),4,49756,25997,23759,43520,22620,20900,6236,3377,2859
473,District - Gandhinagar (06),4,24566,13158,11408,14741,7856,6885,9825,5302,4523
474,District - Ahmadabad (07),4,120258,64468,55790,23727,12376,11351,96531,52092,44439
475,District - Surendranagar (08),4,35997,18957,17040,27693,14480,13213,8304,4477,3827
476,District - Rajkot (09),4,63100,33680,29420,28070,14886,13184,35030,18794,16236
477,District - Jamnagar (10),4,38477,20060,18417,22335,11541,10794,16142,8519,7623
478,District - Porbandar  (11),4,9778,5120,4658,5334,2804,2530,4444,2316,2128
479,District - Junagadh (12),4,46067,24139,21928,31824,16556,15268,14243,7583,6660
480,District - Amreli (13),4,25522,13401,12121,19514,10262,9252,6008,3139,2869
481,District - Bhavnagar (14),4,57085,29837,27248,36711,19058,17653,20374,10779,9595
482,District - Anand   (15),4,37617,19835,17782,27360,14431,12929,10257,5404,4853
483,District - Kheda (16),4,43854,23244,20610,35285,18594,16691,8569,4650,3919
484,District - Panch Mahals (17),4,53080,27334,25746,47081,24147,22934,5999,3187,2812
485,District - Dohad   (18),4,61255,31374,29881,57366,29322,28044,3889,2052,1837
486,District - Vadodara (19),4,72584,37901,34683,42793,22023,20770,29791,15878,13913
487,District - Narmada (20),4,11604,5957,5647,10693,5454,5239,911,503,408
488,District - Bharuch (21),4,26459,13756,12703,18146,9344,8802,8313,4412,3901
489,District - The Dangs (22),4,6225,3122,3103,5803,2911,2892,422,211,211
490,District - Navsari   (23),4,19690,10234,9456,13684,7034,6650,6006,3200,2806
491,District - Valsad (24),4,32516,16963,15553,21707,11242,10465,10809,5721,5088
492,District - Surat (25),4,106451,57547,48904,20628,10682,9946,85823,46865,38958
493,District - Tapi (26),4,13033,6587,6446,11747,5914,5833,1286,673,613
468,District - Kachchh (01),5,49113,25941,23172,34097,17947,16150,15016,7994,7022
469,District - Banas Kantha (02),5,80252,42603,37649,71653,37822,33831,8599,4781,3818
470,District - Patan   (03),5,28950,15693,13257,23812,12795,11017,5138,2898,2240
471,District - Mahesana (04),5,36857,20513,16344,28434,15691,12743,8423,4822,3601
472,District - Sabar Kantha (05),5,50265,26883,23382,43585,23211,20374,6680,3672,3008
473,District - Gandhinagar (06),5,25181,14003,11178,14782,8176,6606,10399,5827,4572
474,District - Ahmadabad (07),5,128463,70666,57797,24609,13205,11404,103854,57461,46393
475,District - Surendranagar (08),5,37465,19815,17650,28731,15059,13672,8734,4756,3978
476,District - Rajkot (09),5,67097,36671,30426,28968,15553,13415,38129,21118,17011
477,District - Jamnagar (10),5,41641,22215,19426,23698,12584,11114,17943,9631,8312
478,District - Porbandar  (11),5,10554,5618,4936,5684,2975,2709,4870,2643,2227
479,District - Junagadh (12),5,49541,26447,23094,34008,18136,15872,15533,8311,7222
480,District - Amreli (13),5,27543,14841,12702,20762,11134,9628,6781,3707,3074
481,District - Bhavnagar (14),5,59365,31899,27466,37349,19811,17538,22016,12088,9928
482,District - Anand   (15),5,37442,20428,17014,26842,14662,12180,10600,5766,4834
483,District - Kheda (16),5,43899,23779,20120,34810,18833,15977,9089,4946,4143
484,District - Panch Mahals (17),5,53401,27877,25524,46897,24446,22451,6504,3431,3073
485,District - Dohad   (18),5,61377,31717,29660,57344,29638,27706,4033,2079,1954
486,District - Vadodara (19),5,76061,40583,35478,43717,22984,20733,32344,17599,14745
487,District - Narmada (20),5,11723,6149,5574,10780,5656,5124,943,493,450
488,District - Bharuch (21),5,27425,14341,13084,18502,9594,8908,8923,4747,4176
489,District - The Dangs (22),5,5815,2965,2850,5384,2733,2651,431,232,199
490,District - Navsari   (23),5,20084,10635,9449,13653,7093,6560,6431,3542,2889
491,District - Valsad (24),5,32026,16810,15216,20679,10710,9969,11347,6100,5247
492,District - Surat (25),5,110679,61034,49645,20633,10696,9937,90046,50338,39708
493,District - Tapi (26),5,13147,6736,6411,11767,6021,5746,1380,715,665
468,District - Kachchh (01),6,45534,23805,21729,31492,16463,15029,14042,7342,6700
469,District - Banas Kantha (02),6,75977,40272,35705,67609,35744,31865,8368,4528,3840
470,District - Patan   (03),6,27497,14746,12751,22617,12061,10556,4880,2685,2195
471,District - Mahesana (04),6,36241,20103,16138,27872,15322,12550,8369,4781,3588
472,District - Sabar Kantha (05),6,47237,25296,21941,40706,21600,19106,6531,3696,2835
473,District - Gandhinagar (06),6,24801,13903,10898,14580,8137,6443,10221,5766,4455
474,District - Ahmadabad (07),6,123307,67730,55577,22946,12100,10846,100361,55630,44731
475,District - Surendranagar (08),6,35579,19038,16541,27040,14322,12718,8539,4716,3823
476,District - Rajkot (09),6,63966,34970,28996,27533,14837,12696,36433,20133,16300
477,District - Jamnagar (10),6,39696,21117,18579,22777,11978,10799,16919,9139,7780
478,District - Porbandar  (11),6,10506,5576,4930,5675,2963,2712,4831,2613,2218
479,District - Junagadh (12),6,48426,25535,22891,33189,17453,15736,15237,8082,7155
480,District - Amreli (13),6,25899,13793,12106,19621,10439,9182,6278,3354,2924
481,District - Bhavnagar (14),6,56043,30087,25956,35160,18609,16551,20883,11478,9405
482,District - Anand   (15),6,36557,19834,16723,26007,14115,11892,10550,5719,4831
483,District - Kheda (16),6,40866,21900,18966,32139,17131,15008,8727,4769,3958
484,District - Panch Mahals (17),6,50042,26297,23745,43604,22818,20786,6438,3479,2959
485,District - Dohad   (18),6,54668,28194,26474,50701,26084,24617,3967,2110,1857
486,District - Vadodara (19),6,72806,38648,34158,41102,21449,19653,31704,17199,14505
487,District - Narmada (20),6,11157,5754,5403,10197,5236,4961,960,518,442
488,District - Bharuch (21),6,27219,14320,12899,18267,9461,8806,8952,4859,4093
489,District - The Dangs (22),6,6084,3127,2957,5673,2918,2755,411,209,202
490,District - Navsari   (23),6,20178,10533,9645,13886,7190,6696,6292,3343,2949
491,District - Valsad (24),6,31125,16136,14989,20076,10214,9862,11049,5922,5127
492,District - Surat (25),6,107156,59217,47939,20692,10787,9905,86464,48430,38034
493,District - Tapi (26),6,12997,6701,6296,11669,6001,5668,1328,700,628
468,District - Kachchh (01),7,47009,24422,22587,32372,16691,15681,14637,7731,6906
469,District - Banas Kantha (02),7,78204,41236,36968,69356,36378,32978,8848,4858,3990
470,District - Patan   (03),7,28681,15175,13506,23384,12328,11056,5297,2847,2450
471,District - Mahesana (04),7,37959,20940,17019,28956,15857,13099,9003,5083,3920
472,District - Sabar Kantha (05),7,49101,26045,23056,42085,22215,19870,7016,3830,3186
473,District - Gandhinagar (06),7,25948,14186,11762,15432,8372,7060,10516,5814,4702
474,District - Ahmadabad (07),7,131842,72238,59604,24524,13015,11509,107318,59223,48095
475,District - Surendranagar (08),7,38065,20224,17841,28770,15207,13563,9295,5017,4278
476,District - Rajkot (09),7,69514,37651,31863,30033,16095,13938,39481,21556,17925
477,District - Jamnagar (10),7,42636,22351,20285,24298,12660,11638,18338,9691,8647
478,District - Porbandar  (11),7,11209,5889,5320,5942,3099,2843,5267,2790,2477
479,District - Junagadh (12),7,52846,27806,25040,36362,18971,17391,16484,8835,7649
480,District - Amreli (13),7,28398,15058,13340,21348,11312,10036,7050,3746,3304
481,District - Bhavnagar (14),7,61580,32865,28715,38708,20480,18228,22872,12385,10487
482,District - Anand   (15),7,38888,20926,17962,27740,14849,12891,11148,6077,5071
483,District - Kheda (16),7,45144,24051,21093,35513,18880,16633,9631,5171,4460
484,District - Panch Mahals (17),7,53211,27780,25431,46537,24148,22389,6674,3632,3042
485,District - Dohad   (18),7,57106,29268,27838,52895,26964,25931,4211,2304,1907
486,District - Vadodara (19),7,78400,41637,36763,44256,22938,21318,34144,18699,15445
487,District - Narmada (20),7,12229,6322,5907,11237,5772,5465,992,550,442
488,District - Bharuch (21),7,29080,15305,13775,19465,10087,9378,9615,5218,4397
489,District - The Dangs (22),7,6463,3252,3211,5941,2996,2945,522,256,266
490,District - Navsari   (23),7,21297,11038,10259,14746,7545,7201,6551,3493,3058
491,District - Valsad (24),7,34408,17769,16639,22736,11587,11149,11672,6182,5490
492,District - Surat (25),7,113024,62122,50902,22433,11624,10809,90591,50498,40093
493,District - Tapi (26),7,14004,7111,6893,12623,6400,6223,1381,711,670
468,District - Kachchh (01),8,46360,24143,22217,32251,16664,15587,14109,7479,6630
469,District - Banas Kantha (02),8,81321,42738,38583,72577,38000,34577,8744,4738,4006
470,District - Patan   (03),8,29801,15838,13963,24452,12914,11538,5349,2924,2425
471,District - Mahesana (04),8,38028,21165,16863,29395,16205,13190,8633,4960,3673
472,District - Sabar Kantha (05),8,50976,27231,23745,43920,23359,20561,7056,3872,3184
473,District - Gandhinagar (06),8,24736,13732,11004,14719,8124,6595,10017,5608,4409
474,District - Ahmadabad (07),8,121038,66026,55012,24008,12571,11437,97030,53455,43575
475,District - Surendranagar (08),8,37586,20099,17487,28716,15184,13532,8870,4915,3955
476,District - Rajkot (09),8,66468,36127,30341,29424,15864,13560,37044,20263,16781
477,District - Jamnagar (10),8,42297,22360,19937,24531,12824,11707,17766,9536,8230
478,District - Porbandar  (11),8,10974,5783,5191,5988,3117,2871,4986,2666,2320
479,District - Junagadh (12),8,53124,27967,25157,36597,19131,17466,16527,8836,7691
480,District - Amreli (13),8,28357,14992,13365,21469,11283,10186,6888,3709,3179
481,District - Bhavnagar (14),8,59898,32227,27671,37664,20145,17519,22234,12082,10152
482,District - Anand   (15),8,37854,20546,17308,27513,14977,12536,10341,5569,4772
483,District - Kheda (16),8,43747,23256,20491,34714,18381,16333,9033,4875,4158
484,District - Panch Mahals (17),8,53363,27919,25444,46928,24496,22432,6435,3423,3012
485,District - Dohad   (18),8,58794,30046,28748,54847,27959,26888,3947,2087,1860
486,District - Vadodara (19),8,75236,40046,35190,43390,22555,20835,31846,17491,14355
487,District - Narmada (20),8,12021,6265,5756,11061,5722,5339,960,543,417
488,District - Bharuch (21),8,28404,15045,13359,19419,10119,9300,8985,4926,4059
489,District - The Dangs (22),8,6298,3185,3113,5832,2956,2876,466,229,237
490,District - Navsari   (23),8,20453,10712,9741,14403,7464,6939,6050,3248,2802
491,District - Valsad (24),8,32342,16925,15417,21836,11254,10582,10506,5671,4835
492,District - Surat (25),8,104713,57873,46840,21378,11186,10192,83335,46687,36648
493,District - Tapi (26),8,14134,7202,6932,12852,6536,6316,1282,666,616
468,District - Kachchh (01),9,41488,21587,19901,28702,14864,13838,12786,6723,6063
469,District - Banas Kantha (02),9,72679,38546,34133,64561,34024,30537,8118,4522,3596
470,District - Patan   (03),9,27743,14997,12746,22898,12247,10651,4845,2750,2095
471,District - Mahesana (04),9,37069,20789,16280,28531,15904,12627,8538,4885,3653
472,District - Sabar Kantha (05),9,48060,25616,22444,41419,21913,19506,6641,3703,2938
473,District - Gandhinagar (06),9,24259,13444,10815,14615,7950,6665,9644,5494,4150
474,District - Ahmadabad (07),9,121237,67189,54048,23241,12536,10705,97996,54653,43343
475,District - Surendranagar (08),9,35877,19322,16555,27271,14598,12673,8606,4724,3882
476,District - Rajkot (09),9,64024,35163,28861,28592,15400,13192,35432,19763,15669
477,District - Jamnagar (10),9,39855,21297,18558,23076,12228,10848,16779,9069,7710
478,District - Porbandar  (11),9,10855,5774,5081,5810,3038,2772,5045,2736,2309
479,District - Junagadh (12),9,52450,28068,24382,36357,19306,17051,16093,8762,7331
480,District - Amreli (13),9,27163,14568,12595,20586,11025,9561,6577,3543,3034
481,District - Bhavnagar (14),9,58103,31268,26835,36699,19549,17150,21404,11719,9685
482,District - Anand   (15),9,38055,20824,17231,27220,14910,12310,10835,5914,4921
483,District - Kheda (16),9,43067,23292,19775,34090,18365,15725,8977,4927,4050
484,District - Panch Mahals (17),9,51494,26901,24593,45106,23405,21701,6388,3496,2892
485,District - Dohad   (18),9,53315,27180,26135,49589,25249,24340,3726,1931,1795
486,District - Vadodara (19),9,73109,39418,33691,41304,21793,19511,31805,17625,14180
487,District - Narmada (20),9,12068,6269,5799,11090,5741,5349,978,528,450
488,District - Bharuch (21),9,28772,15276,13496,19721,10329,9392,9051,4947,4104
489,District - The Dangs (22),9,6130,3139,2991,5640,2878,2762,490,261,229
490,District - Navsari   (23),9,20699,10894,9805,14509,7518,6991,6190,3376,2814
491,District - Valsad (24),9,32198,16955,15243,21699,11219,10480,10499,5736,4763
492,District - Surat (25),9,100286,55702,44584,21750,11443,10307,78536,44259,34277
493,District - Tapi (26),9,14282,7314,6968,12973,6567,6406,1309,747,562
468,District - Kachchh (01),10,49520,26063,23457,34136,17925,16211,15384,8138,7246
469,District - Banas Kantha (02),10,85238,44637,40601,75667,39420,36247,9571,5217,4354
470,District - Patan   (03),10,32090,17340,14750,26262,14094,12168,5828,3246,2582
471,District - Mahesana (04),10,41717,23239,18478,31801,17535,14266,9916,5704,4212
472,District - Sabar Kantha (05),10,55505,29354,26151,47860,25148,22712,7645,4206,3439
473,District - Gandhinagar (06),10,27550,15395,12155,16230,8895,7335,11320,6500,4820
474,District - Ahmadabad (07),10,141645,78091,63554,26591,14032,12559,115054,64059,50995
475,District - Surendranagar (08),10,40938,21907,19031,30942,16383,14559,9996,5524,4472
476,District - Rajkot (09),10,74278,40581,33697,32373,17152,15221,41905,23429,18476
477,District - Jamnagar (10),10,46590,24833,21757,26524,13937,12587,20066,10896,9170
478,District - Porbandar  (11),10,12492,6595,5897,6826,3580,3246,5666,3015,2651
479,District - Junagadh (12),10,59636,31802,27834,41068,21637,19431,18568,10165,8403
480,District - Amreli (13),10,31711,16873,14838,23876,12608,11268,7835,4265,3570
481,District - Bhavnagar (14),10,65627,35219,30408,41340,21899,19441,24287,13320,10967
482,District - Anand   (15),10,42144,22997,19147,30235,16491,13744,11909,6506,5403
483,District - Kheda (16),10,49042,26329,22713,38605,20741,17864,10437,5588,4849
484,District - Panch Mahals (17),10,59039,30692,28347,51862,26848,25014,7177,3844,3333
485,District - Dohad   (18),10,63923,32715,31208,59486,30333,29153,4437,2382,2055
486,District - Vadodara (19),10,86155,46574,39581,49041,25742,23299,37114,20832,16282
487,District - Narmada (20),10,14254,7392,6862,12986,6727,6259,1268,665,603
488,District - Bharuch (21),10,32256,16930,15326,21881,11312,10569,10375,5618,4757
489,District - The Dangs (22),10,6815,3420,3395,6203,3070,3133,612,350,262
490,District - Navsari   (23),10,23517,12356,11161,16578,8688,7890,6939,3668,3271
491,District - Valsad (24),10,36430,19073,17357,23980,12419,11561,12450,6654,5796
492,District - Surat (25),10,117423,65267,52156,25247,13276,11971,92176,51991,40185
493,District - Tapi (26),10,16425,8432,7993,14878,7594,7284,1547,838,709
468,District - Kachchh (01),11,43300,22892,20408,29416,15447,13969,13884,7445,6439
469,District - Banas Kantha (02),11,73211,39033,34178,64520,34197,30323,8691,4836,3855
470,District - Patan   (03),11,29336,15852,13484,24179,12972,11207,5157,2880,2277
471,District - Mahesana (04),11,39537,22021,17516,30264,16689,13575,9273,5332,3941
472,District - Sabar Kantha (05),11,51933,27785,24148,44733,23731,21002,7200,4054,3146
473,District - Gandhinagar (06),11,26340,14466,11874,15790,8499,7291,10550,5967,4583
474,District - Ahmadabad (07),11,137060,75572,61488,25773,13926,11847,111287,61646,49641
475,District - Surendranagar (08),11,38473,20728,17745,28964,15434,13530,9509,5294,4215
476,District - Rajkot (09),11,71446,38889,32557,32402,17204,15198,39044,21685,17359
477,District - Jamnagar (10),11,43920,23265,20655,25525,13446,12079,18395,9819,8576
478,District - Porbandar  (11),11,11920,6187,5733,6450,3344,3106,5470,2843,2627
479,District - Junagadh (12),11,58874,31207,27667,40466,21292,19174,18408,9915,8493
480,District - Amreli (13),11,30916,16400,14516,23332,12293,11039,7584,4107,3477
481,District - Bhavnagar (14),11,64298,34247,30051,40665,21445,19220,23633,12802,10831
482,District - Anand   (15),11,41968,22764,19204,30463,16525,13938,11505,6239,5266
483,District - Kheda (16),11,48530,26188,22342,38575,20783,17792,9955,5405,4550
484,District - Panch Mahals (17),11,54652,28349,26303,47604,24543,23061,7048,3806,3242
485,District - Dohad   (18),11,54419,27607,26812,50465,25603,24862,3954,2004,1950
486,District - Vadodara (19),11,80449,43238,37211,44393,23319,21074,36056,19919,16137
487,District - Narmada (20),11,13807,7138,6669,12524,6474,6050,1283,664,619
488,District - Bharuch (21),11,32122,16912,15210,22034,11436,10598,10088,5476,4612
489,District - The Dangs (22),11,6224,3261,2963,5484,2833,2651,740,428,312
490,District - Navsari   (23),11,23840,12425,11415,16860,8582,8278,6980,3843,3137
491,District - Valsad (24),11,34431,18198,16233,22859,11922,10937,11572,6276,5296
492,District - Surat (25),11,109267,60535,48732,24014,12611,11403,85253,47924,37329
493,District - Tapi (26),11,16318,8387,7931,14743,7527,7216,1575,860,715
468,District - Kachchh (01),12,44639,23420,21219,30448,15912,14536,14191,7508,6683
469,District - Banas Kantha (02),12,78858,41347,37511,69386,36108,33278,9472,5239,4233
470,District - Patan   (03),12,29984,16178,13806,24441,13106,11335,5543,3072,2471
471,District - Mahesana (04),12,40095,22279,17816,30635,16836,13799,9460,5443,4017
472,District - Sabar Kantha (05),12,52013,27552,24461,44699,23524,21175,7314,4028,3286
473,District - Gandhinagar (06),12,26704,14861,11843,15955,8775,7180,10749,6086,4663
474,District - Ahmadabad (07),12,133083,72960,60123,25443,13603,11840,107640,59357,48283
475,District - Surendranagar (08),12,39571,21139,18432,29674,15696,13978,9897,5443,4454
476,District - Rajkot (09),12,73403,39439,33964,33139,17385,15754,40264,22054,18210
477,District - Jamnagar (10),12,45812,24348,21464,26476,14029,12447,19336,10319,9017
478,District - Porbandar  (11),12,12221,6324,5897,6516,3317,3199,5705,3007,2698
479,District - Junagadh (12),12,60773,31698,29075,41275,21416,19859,19498,10282,9216
480,District - Amreli (13),12,32641,17021,15620,24423,12666,11757,8218,4355,3863
481,District - Bhavnagar (14),12,65541,34706,30835,41405,21607,19798,24136,13099,11037
482,District - Anand   (15),12,40408,21782,18626,29243,15746,13497,11165,6036,5129
483,District - Kheda (16),12,47006,25113,21893,37305,19884,17421,9701,5229,4472
484,District - Panch Mahals (17),12,55301,28585,26716,48281,24796,23485,7020,3789,3231
485,District - Dohad   (18),12,57837,29171,28666,53817,27071,26746,4020,2100,1920
486,District - Vadodara (19),12,79049,42355,36694,44289,23152,21137,34760,19203,15557
487,District - Narmada (20),12,13734,7077,6657,12475,6389,6086,1259,688,571
488,District - Bharuch (21),12,30831,16108,14723,21069,10818,10251,9762,5290,4472
489,District - The Dangs (22),12,5963,3071,2892,5132,2634,2498,831,437,394
490,District - Navsari   (23),12,23078,12081,10997,16422,8464,7958,6656,3617,3039
491,District - Valsad (24),12,33694,17669,16025,22501,11526,10975,11193,6143,5050
492,District - Surat (25),12,107216,59178,48038,23961,12706,11255,83255,46472,36783
493,District - Tapi (26),12,15770,8141,7629,14340,7389,6951,1430,752,678
468,District - Kachchh (01),13,41144,21586,19558,27532,14284,13248,13612,7302,6310
469,District - Banas Kantha (02),13,71410,37508,33902,62518,32640,29878,8892,4868,4024
470,District - Patan   (03),13,28137,15027,13110,22818,12112,10706,5319,2915,2404
471,District - Mahesana (04),13,39482,21926,17556,30388,16758,13630,9094,5168,3926
472,District - Sabar Kantha (05),13,49757,26555,23202,42642,22746,19896,7115,3809,3306
473,District - Gandhinagar (06),13,26321,14488,11833,15716,8521,7195,10605,5967,4638
474,District - Ahmadabad (07),13,127559,69568,57991,24658,13122,11536,102901,56446,46455
475,District - Surendranagar (08),13,37960,20115,17845,28260,14781,13479,9700,5334,4366
476,District - Rajkot (09),13,69973,37100,32873,31686,16532,15154,38287,20568,17719
477,District - Jamnagar (10),13,43176,22608,20568,24830,12903,11927,18346,9705,8641
478,District - Porbandar  (11),13,11584,6063,5521,6186,3276,2910,5398,2787,2611
479,District - Junagadh (12),13,58850,30590,28260,39271,20603,18668,19579,9987,9592
480,District - Amreli (13),13,31301,16313,14988,23245,12053,11192,8056,4260,3796
481,District - Bhavnagar (14),13,62356,32902,29454,39173,20403,18770,23183,12499,10684
482,District - Anand   (15),13,39960,21593,18367,28724,15452,13272,11236,6141,5095
483,District - Kheda (16),13,46413,24784,21629,36899,19664,17235,9514,5120,4394
484,District - Panch Mahals (17),13,51540,26640,24900,44754,22990,21764,6786,3650,3136
485,District - Dohad   (18),13,49446,24857,24589,45626,22872,22754,3820,1985,1835
486,District - Vadodara (19),13,75503,40211,35292,41038,21621,19417,34465,18590,15875
487,District - Narmada (20),13,13327,6957,6370,11940,6217,5723,1387,740,647
488,District - Bharuch (21),13,30089,15724,14365,20513,10603,9910,9576,5121,4455
489,District - The Dangs (22),13,5154,2663,2491,4250,2250,2000,904,413,491
490,District - Navsari   (23),13,23272,12321,10951,16768,8752,8016,6504,3569,2935
491,District - Valsad (24),13,31521,16481,15040,20656,10629,10027,10865,5852,5013
492,District - Surat (25),13,100385,54859,45526,23028,12069,10959,77357,42790,34567
493,District - Tapi (26),13,14891,7559,7332,13538,6854,6684,1353,705,648
468,District - Kachchh (01),14,41656,22006,19650,27896,14593,13303,13760,7413,6347
469,District - Banas Kantha (02),14,68918,36637,32281,60167,31776,28391,8751,4861,3890
470,District - Patan   (03),14,27769,15039,12730,22526,12084,10442,5243,2955,2288
471,District - Mahesana (04),14,39315,21774,17541,29766,16431,13335,9549,5343,4206
472,District - Sabar Kantha (05),14,49904,26749,23155,42538,22718,19820,7366,4031,3335
473,District - Gandhinagar (06),14,26078,14348,11730,15355,8355,7000,10723,5993,4730
474,District - Ahmadabad (07),14,129821,70778,59043,23887,12843,11044,105934,57935,47999
475,District - Surendranagar (08),14,38546,20575,17971,28355,14872,13483,10191,5703,4488
476,District - Rajkot (09),14,71953,38047,33906,32589,16918,15671,39364,21129,18235
477,District - Jamnagar (10),14,43066,22519,20547,24256,12580,11676,18810,9939,8871
478,District - Porbandar  (11),14,11457,5921,5536,5991,3074,2917,5466,2847,2619
479,District - Junagadh (12),14,59646,30927,28719,39595,20696,18899,20051,10231,9820
480,District - Amreli (13),14,32388,16886,15502,23962,12455,11507,8426,4431,3995
481,District - Bhavnagar (14),14,63114,33031,30083,39520,20435,19085,23594,12596,10998
482,District - Anand   (15),14,37941,20584,17357,27019,14660,12359,10922,5924,4998
483,District - Kheda (16),14,43873,23742,20131,34256,18404,15852,9617,5338,4279
484,District - Panch Mahals (17),14,49644,25800,23844,42923,22207,20716,6721,3593,3128
485,District - Dohad   (18),14,47943,24045,23898,43983,21850,22133,3960,2195,1765
486,District - Vadodara (19),14,74430,39711,34719,39975,21051,18924,34455,18660,15795
487,District - Narmada (20),14,13049,6829,6220,11472,5954,5518,1577,875,702
488,District - Bharuch (21),14,30400,15978,14422,20473,10639,9834,9927,5339,4588
489,District - The Dangs (22),14,4843,2440,2403,3908,2049,1859,935,391,544
490,District - Navsari   (23),14,23607,12306,11301,16949,8746,8203,6658,3560,3098
491,District - Valsad (24),14,30742,16075,14667,20042,10357,9685,10700,5718,4982
492,District - Surat (25),14,100398,55268,45130,22859,12022,10837,77539,43246,34293
493,District - Tapi (26),14,14657,7566,7091,13237,6785,6452,1420,781,639
468,District - Kachchh (01),15,41664,22013,19651,27871,14430,13441,13793,7583,6210
469,District - Banas Kantha (02),15,72543,38575,33968,63452,33495,29957,9091,5080,4011
470,District - Patan   (03),15,29308,16028,13280,23667,12855,10812,5641,3173,2468
471,District - Mahesana (04),15,42080,23612,18468,31941,17786,14155,10139,5826,4313
472,District - Sabar Kantha (05),15,51857,28078,23779,44119,23791,20328,7738,4287,3451
473,District - Gandhinagar (06),15,27732,15227,12505,16623,9053,7570,11109,6174,4935
474,District - Ahmadabad (07),15,135427,74232,61195,25181,13441,11740,110246,60791,49455
475,District - Surendranagar (08),15,39109,20876,18233,28711,15096,13615,10398,5780,4618
476,District - Rajkot (09),15,72955,39286,33669,32405,16984,15421,40550,22302,18248
477,District - Jamnagar (10),15,43862,23027,20835,24273,12512,11761,19589,10515,9074
478,District - Porbandar  (11),15,11432,5979,5453,5878,3068,2810,5554,2911,2643
479,District - Junagadh (12),15,60230,31208,29022,39984,20834,19150,20246,10374,9872
480,District - Amreli (13),15,34320,17841,16479,25202,13091,12111,9118,4750,4368
481,District - Bhavnagar (14),15,67255,35312,31943,42206,21877,20329,25049,13435,11614
482,District - Anand   (15),15,40473,22332,18141,28821,15812,13009,11652,6520,5132
483,District - Kheda (16),15,45813,24835,20978,36076,19522,16554,9737,5313,4424
484,District - Panch Mahals (17),15,53240,28084,25156,46034,24149,21885,7206,3935,3271
485,District - Dohad   (18),15,50093,25638,24455,46083,23438,22645,4010,2200,1810
486,District - Vadodara (19),15,77143,41660,35483,41608,22232,19376,35535,19428,16107
487,District - Narmada (20),15,13061,6732,6329,11600,5935,5665,1461,797,664
488,District - Bharuch (21),15,30770,16480,14290,20731,10924,9807,10039,5556,4483
489,District - The Dangs (22),15,4505,2325,2180,3640,1981,1659,865,344,521
490,District - Navsari   (23),15,24169,12888,11281,17173,9032,8141,6996,3856,3140
491,District - Valsad (24),15,30887,16356,14531,19951,10413,9538,10936,5943,4993
492,District - Surat (25),15,106954,60308,46646,23720,12566,11154,83234,47742,35492
493,District - Tapi (26),15,15106,7969,7137,13729,7207,6522,1377,762,615
468,District - Kachchh (01),16,39299,20604,18695,26175,13613,12562,13124,6991,6133
469,District - Banas Kantha (02),16,67923,36114,31809,59306,31365,27941,8617,4749,3868
470,District - Patan   (03),16,26890,14417,12473,21572,11515,10057,5318,2902,2416
471,District - Mahesana (04),16,39407,21626,17781,29818,16278,13540,9589,5348,4241
472,District - Sabar Kantha (05),16,47088,25171,21917,39793,21232,18561,7295,3939,3356
473,District - Gandhinagar (06),16,25106,13526,11580,14626,7800,6826,10480,5726,4754
474,District - Ahmadabad (07),16,128662,70346,58316,23206,12385,10821,105456,57961,47495
475,District - Surendranagar (08),16,37004,19609,17395,27047,14099,12948,9957,5510,4447
476,District - Rajkot (09),16,71136,37699,33437,31490,16311,15179,39646,21388,18258
477,District - Jamnagar (10),16,41675,21365,20310,23454,11879,11575,18221,9486,8735
478,District - Porbandar  (11),16,11073,5680,5393,5703,2888,2815,5370,2792,2578
479,District - Junagadh (12),16,57160,28987,28173,37940,19331,18609,19220,9656,9564
480,District - Amreli (13),16,33017,16649,16368,24215,12237,11978,8802,4412,4390
481,District - Bhavnagar (14),16,63368,32836,30532,39708,20268,19440,23660,12568,11092
482,District - Anand   (15),16,37232,20438,16794,26187,14442,11745,11045,5996,5049
483,District - Kheda (16),16,40991,21973,19018,31831,17067,14764,9160,4906,4254
484,District - Panch Mahals (17),16,47106,24997,22109,40554,21430,19124,6552,3567,2985
485,District - Dohad   (18),16,43218,21721,21497,39523,19745,19778,3695,1976,1719
486,District - Vadodara (19),16,71344,38159,33185,37191,19786,17405,34153,18373,15780
487,District - Narmada (20),16,12232,6456,5776,10800,5690,5110,1432,766,666
488,District - Bharuch (21),16,29311,15627,13684,19627,10322,9305,9684,5305,4379
489,District - The Dangs (22),16,4351,2210,2141,3462,1884,1578,889,326,563
490,District - Navsari   (23),16,23717,12602,11115,16858,8882,7976,6859,3720,3139
491,District - Valsad (24),16,29303,15534,13769,18737,9782,8955,10566,5752,4814
492,District - Surat (25),16,105469,60437,45032,22749,12340,10409,82720,48097,34623
493,District - Tapi (26),16,14945,7818,7127,13538,7061,6477,1407,757,650
468,District - Kachchh (01),17,36856,19495,17361,24089,12565,11524,12767,6930,5837
469,District - Banas Kantha (02),17,58326,31473,26853,50087,26858,23229,8239,4615,3624
470,District - Patan   (03),17,24767,13365,11402,19510,10474,9036,5257,2891,2366
471,District - Mahesana (04),17,38599,21079,17520,28839,15633,13206,9760,5446,4314
472,District - Sabar Kantha (05),17,43692,23391,20301,36767,19641,17126,6925,3750,3175
473,District - Gandhinagar (06),17,25318,13693,11625,14524,7766,6758,10794,5927,4867
474,District - Ahmadabad (07),17,128751,70631,58120,21879,11608,10271,106872,59023,47849
475,District - Surendranagar (08),17,34761,18470,16291,24866,13061,11805,9895,5409,4486
476,District - Rajkot (09),17,69478,37086,32392,30336,15653,14683,39142,21433,17709
477,District - Jamnagar (10),17,40433,20938,19495,22365,11390,10975,18068,9548,8520
478,District - Porbandar  (11),17,10673,5591,5082,5457,2835,2622,5216,2756,2460
479,District - Junagadh (12),17,54254,27852,26402,36019,18512,17507,18235,9340,8895
480,District - Amreli (13),17,31815,16113,15702,23304,11877,11427,8511,4236,4275
481,District - Bhavnagar (14),17,61401,31865,29536,37624,19080,18544,23777,12785,10992
482,District - Anand   (15),17,37142,20170,16972,25818,13971,11847,11324,6199,5125
483,District - Kheda (16),17,39997,21312,18685,30810,16495,14315,9187,4817,4370
484,District - Panch Mahals (17),17,43546,23277,20269,37112,19830,17282,6434,3447,2987
485,District - Dohad   (18),17,35880,17624,18256,32447,15744,16703,3433,1880,1553
486,District - Vadodara (19),17,69338,37519,31819,34485,18535,15950,34853,18984,15869
487,District - Narmada (20),17,11203,5905,5298,9928,5248,4680,1275,657,618
488,District - Bharuch (21),17,28284,15100,13184,18760,9944,8816,9524,5156,4368
489,District - The Dangs (22),17,3851,1953,1898,3142,1674,1468,709,279,430
490,District - Navsari   (23),17,23735,12553,11182,16740,8754,7986,6995,3799,3196
491,District - Valsad (24),17,28609,15461,13148,17737,9374,8363,10872,6087,4785
492,District - Surat (25),17,106298,63095,43203,21684,11790,9894,84614,51305,33309
493,District - Tapi (26),17,13933,7381,6552,12539,6639,5900,1394,742,652
468,District - Kachchh (01),18,44892,24282,20610,29942,16088,13854,14950,8194,6756
469,District - Banas Kantha (02),18,73542,39298,34244,63631,33875,29756,9911,5423,4488
470,District - Patan   (03),18,30859,16342,14517,24530,12915,11615,6329,3427,2902
471,District - Mahesana (04),18,44972,23871,21101,34103,18002,16101,10869,5869,5000
472,District - Sabar Kantha (05),18,51174,26778,24396,43275,22530,20745,7899,4248,3651
473,District - Gandhinagar (06),18,29922,15743,14179,17397,8924,8473,12525,6819,5706
474,District - Ahmadabad (07),18,150873,82164,68709,26018,13381,12637,124855,68783,56072
475,District - Surendranagar (08),18,39970,20921,19049,28879,14966,13913,11091,5955,5136
476,District - Rajkot (09),18,80596,43540,37056,34806,18201,16605,45790,25339,20451
477,District - Jamnagar (10),18,47708,25275,22433,26680,13939,12741,21028,11336,9692
478,District - Porbandar  (11),18,12119,6506,5613,6113,3255,2858,6006,3251,2755
479,District - Junagadh (12),18,60803,31979,28824,40293,21290,19003,20510,10689,9821
480,District - Amreli (13),18,35899,18234,17665,26467,13491,12976,9432,4743,4689
481,District - Bhavnagar (14),18,70029,36895,33134,42811,22068,20743,27218,14827,12391
482,District - Anand   (15),18,42029,22452,19577,29540,15766,13774,12489,6686,5803
483,District - Kheda (16),18,45849,23654,22195,35498,18209,17289,10351,5445,4906
484,District - Panch Mahals (17),18,49938,26603,23335,42772,22771,20001,7166,3832,3334
485,District - Dohad   (18),18,43689,21369,22320,39448,19149,20299,4241,2220,2021
486,District - Vadodara (19),18,78381,41869,36512,39039,20520,18519,39342,21349,17993
487,District - Narmada (20),18,11982,6252,5730,10584,5522,5062,1398,730,668
488,District - Bharuch (21),18,31478,17029,14449,20700,11131,9569,10778,5898,4880
489,District - The Dangs (22),18,4091,2010,2081,3443,1716,1727,648,294,354
490,District - Navsari   (23),18,26059,13832,12227,17964,9442,8522,8095,4390,3705
491,District - Valsad (24),18,33883,18461,15422,20605,10697,9908,13278,7764,5514
492,District - Surat (25),18,141236,88949,52287,24943,13849,11094,116293,75100,41193
493,District - Tapi (26),18,15471,8008,7463,13922,7194,6728,1549,814,735
468,District - Kachchh (01),19,36977,19730,17247,23718,12635,11083,13259,7095,6164
469,District - Banas Kantha (02),19,52319,26881,25438,44428,22703,21725,7891,4178,3713
470,District - Patan   (03),19,23536,12052,11484,18222,9237,8985,5314,2815,2499
471,District - Mahesana (04),19,37359,19596,17763,27477,14317,13160,9882,5279,4603
472,District - Sabar Kantha (05),19,40164,20602,19562,33461,17032,16429,6703,3570,3133
473,District - Gandhinagar (06),19,25494,13318,12176,14343,7275,7068,11151,6043,5108
474,District - Ahmadabad (07),19,135578,72381,63197,20454,10419,10035,115124,61962,53162
475,District - Surendranagar (08),19,31967,16190,15777,22550,11273,11277,9417,4917,4500
476,District - Rajkot (09),19,70281,36910,33371,29745,15138,14607,40536,21772,18764
477,District - Jamnagar (10),19,40408,21011,19397,21845,11157,10688,18563,9854,8709
478,District - Porbandar  (11),19,10561,5528,5033,5239,2770,2469,5322,2758,2564
479,District - Junagadh (12),19,51024,26364,24660,33575,17358,16217,17449,9006,8443
480,District - Amreli (13),19,29586,14557,15029,21577,10588,10989,8009,3969,4040
481,District - Bhavnagar (14),19,57452,29396,28056,33817,16802,17015,23635,12594,11041
482,District - Anand   (15),19,36601,19116,17485,25003,12991,12012,11598,6125,5473
483,District - Kheda (16),19,39554,20454,19100,29966,15477,14489,9588,4977,4611
484,District - Panch Mahals (17),19,39823,20577,19246,33456,17254,16202,6367,3323,3044
485,District - Dohad   (18),19,33023,15244,17779,29407,13436,15971,3616,1808,1808
486,District - Vadodara (19),19,69078,36418,32660,32596,16798,15798,36482,19620,16862
487,District - Narmada (20),19,10470,5386,5084,9228,4770,4458,1242,616,626
488,District - Bharuch (21),19,28307,15248,13059,18299,9815,8484,10008,5433,4575
489,District - The Dangs (22),19,3645,1794,1851,3100,1520,1580,545,274,271
490,District - Navsari   (23),19,23880,12407,11473,16159,8325,7834,7721,4082,3639
491,District - Valsad (24),19,30240,16228,14012,17966,9132,8834,12274,7096,5178
492,District - Surat (25),19,126049,77521,48528,22366,12159,10207,103683,65362,38321
493,District - Tapi (26),19,13985,6991,6994,12477,6195,6282,1508,796,712
468,District - Kachchh (01),20,51618,27500,24118,34648,18715,15933,16970,8785,8185
469,District - Banas Kantha (02),20,76196,39254,36942,65660,33864,31796,10536,5390,5146
470,District - Patan   (03),20,33257,17246,16011,26309,13696,12613,6948,3550,3398
471,District - Mahesana (04),20,48730,24816,23914,36910,18781,18129,11820,6035,5785
472,District - Sabar Kantha (05),20,53621,27319,26302,45189,22965,22224,8432,4354,4078
473,District - Gandhinagar (06),20,32736,16702,16034,19038,9539,9499,13698,7163,6535
474,District - Ahmadabad (07),20,165802,86656,79146,26939,13765,13174,138863,72891,65972
475,District - Surendranagar (08),20,40119,20481,19638,28792,14564,14228,11327,5917,5410
476,District - Rajkot (09),20,87528,45343,42185,37405,18734,18671,50123,26609,23514
477,District - Jamnagar (10),20,51418,26435,24983,28265,14359,13906,23153,12076,11077
478,District - Porbandar  (11),20,12831,6803,6028,6469,3474,2995,6362,3329,3033
479,District - Junagadh (12),20,62994,32288,30706,42111,21584,20527,20883,10704,10179
480,District - Amreli (13),20,37920,18654,19266,28272,13856,14416,9648,4798,4850
481,District - Bhavnagar (14),20,69993,35648,34345,41560,20664,20896,28433,14984,13449
482,District - Anand   (15),20,45549,23518,22031,31779,16466,15313,13770,7052,6718
483,District - Kheda (16),20,50263,25510,24753,39122,19847,19275,11141,5663,5478
484,District - Panch Mahals (17),20,52244,27105,25139,44518,23190,21328,7726,3915,3811
485,District - Dohad   (18),20,44770,21560,23210,40619,19504,21115,4151,2056,2095
486,District - Vadodara (19),20,84600,43792,40808,41946,21469,20477,42654,22323,20331
487,District - Narmada (20),20,12134,6175,5959,10730,5498,5232,1404,677,727
488,District - Bharuch (21),20,33235,17783,15452,21819,11652,10167,11416,6131,5285
489,District - The Dangs (22),20,4517,2005,2512,3940,1698,2242,577,307,270
490,District - Navsari   (23),20,27761,14370,13391,18528,9574,8954,9233,4796,4437
491,District - Valsad (24),20,36152,19150,17002,21418,10724,10694,14734,8426,6308
492,District - Surat (25),20,165851,101748,64103,27862,15383,12479,137989,86365,51624
493,District - Tapi (26),20,16544,8014,8530,14848,7180,7668,1696,834,862
468,District - Kachchh (01),21,38025,20825,17200,24319,13566,10753,13706,7259,6447
469,District - Banas Kantha (02),21,50982,27250,23732,43344,23250,20094,7638,4000,3638
470,District - Patan   (03),21,22153,11835,10318,17088,9163,7925,5065,2672,2393
471,District - Mahesana (04),21,38005,19900,18105,27765,14496,13269,10240,5404,4836
472,District - Sabar Kantha (05),21,38920,20427,18493,32234,16922,15312,6686,3505,3181
473,District - Gandhinagar (06),21,25826,13687,12139,14335,7656,6679,11491,6031,5460
474,District - Ahmadabad (07),21,138635,73319,65316,19913,10629,9284,118722,62690,56032
475,District - Surendranagar (08),21,29704,15625,14079,20697,10914,9783,9007,4711,4296
476,District - Rajkot (09),21,68901,35446,33455,28329,14260,14069,40572,21186,19386
477,District - Jamnagar (10),21,39145,20274,18871,21153,10853,10300,17992,9421,8571
478,District - Porbandar  (11),21,9668,5145,4523,4673,2542,2131,4995,2603,2392
479,District - Junagadh (12),21,47370,24436,22934,30711,15755,14956,16659,8681,7978
480,District - Amreli (13),21,26273,13114,13159,19177,9496,9681,7096,3618,3478
481,District - Bhavnagar (14),21,52104,26884,25220,29629,15067,14562,22475,11817,10658
482,District - Anand   (15),21,37356,20001,17355,25023,13519,11504,12333,6482,5851
483,District - Kheda (16),21,39970,21443,18527,30231,16299,13932,9739,5144,4595
484,District - Panch Mahals (17),21,39011,20716,18295,32611,17303,15308,6400,3413,2987
485,District - Dohad   (18),21,32547,16019,16528,29053,14262,14791,3494,1757,1737
486,District - Vadodara (19),21,70652,37314,33338,33094,17658,15436,37558,19656,17902
487,District - Narmada (20),21,9809,5157,4652,8636,4548,4088,1173,609,564
488,District - Bharuch (21),21,28125,15321,12804,17982,9833,8149,10143,5488,4655
489,District - The Dangs (22),21,3669,1813,1856,3244,1589,1655,425,224,201
490,District - Navsari   (23),21,23638,12347,11291,15645,8111,7534,7993,4236,3757
491,District - Valsad (24),21,30893,16792,14101,17943,9344,8599,12950,7448,5502
492,District - Surat (25),21,134112,81145,52967,22725,12653,10072,111387,68492,42895
493,District - Tapi (26),21,13587,6787,6800,12119,6062,6057,1468,725,743
468,District - Kachchh (01),22,44974,25034,19940,29657,16779,12878,15317,8255,7062
469,District - Banas Kantha (02),22,60230,33212,27018,51634,28703,22931,8596,4509,4087
470,District - Patan   (03),22,25914,13837,12077,20239,10868,9371,5675,2969,2706
471,District - Mahesana (04),22,39849,20793,19056,29747,15576,14171,10102,5217,4885
472,District - Sabar Kantha (05),22,43080,22394,20686,36116,18847,17269,6964,3547,3417
473,District - Gandhinagar (06),22,27868,14546,13322,15602,8113,7489,12266,6433,5833
474,District - Ahmadabad (07),22,141518,74104,67414,20952,11275,9677,120566,62829,57737
475,District - Surendranagar (08),22,31693,16938,14755,22156,11898,10258,9537,5040,4497
476,District - Rajkot (09),22,73988,38018,35970,30258,15309,14949,43730,22709,21021
477,District - Jamnagar (10),22,42367,22543,19824,23308,12457,10851,19059,10086,8973
478,District - Porbandar  (11),22,10379,5558,4821,5108,2757,2351,5271,2801,2470
479,District - Junagadh (12),22,51658,26865,24793,34315,17882,16433,17343,8983,8360
480,District - Amreli (13),22,28904,14614,14290,21347,10655,10692,7557,3959,3598
481,District - Bhavnagar (14),22,54807,28762,26045,31038,16092,14946,23769,12670,11099
482,District - Anand   (15),22,40140,21531,18609,27685,15067,12618,12455,6464,5991
483,District - Kheda (16),22,41348,21867,19481,31435,16727,14708,9913,5140,4773
484,District - Panch Mahals (17),22,43182,23706,19476,36619,20248,16371,6563,3458,3105
485,District - Dohad   (18),22,36572,19274,17298,32852,17306,15546,3720,1968,1752
486,District - Vadodara (19),22,75229,39436,35793,36253,19264,16989,38976,20172,18804
487,District - Narmada (20),22,10373,5376,4997,9210,4811,4399,1163,565,598
488,District - Bharuch (21),22,29228,15965,13263,18901,10361,8540,10327,5604,4723
489,District - The Dangs (22),22,4088,1998,2090,3625,1767,1858,463,231,232
490,District - Navsari   (23),22,24388,12829,11559,16174,8445,7729,8214,4384,3830
491,District - Valsad (24),22,33169,18067,15102,19254,10042,9212,13915,8025,5890
492,District - Surat (25),22,150154,91597,58557,24731,14012,10719,125423,77585,47838
493,District - Tapi (26),22,14844,7402,7442,13253,6601,6652,1591,801,790
468,District - Kachchh (01),23,38755,20732,18023,24937,13591,11346,13818,7141,6677
469,District - Banas Kantha (02),23,51059,25054,26005,43548,21292,22256,7511,3762,3749
470,District - Patan   (03),23,22014,10752,11262,17022,8213,8809,4992,2539,2453
471,District - Mahesana (04),23,35602,17731,17871,26141,12932,13209,9461,4799,4662
472,District - Sabar Kantha (05),23,38627,19175,19452,32379,16034,16345,6248,3141,3107
473,District - Gandhinagar (06),23,24569,12409,12160,13276,6646,6630,11293,5763,5530
474,District - Ahmadabad (07),23,130684,66612,64072,18590,9231,9359,112094,57381,54713
475,District - Surendranagar (08),23,29204,14832,14372,20398,10304,10094,8806,4528,4278
476,District - Rajkot (09),23,68997,34271,34726,27843,13584,14259,41154,20687,20467
477,District - Jamnagar (10),23,37787,19186,18601,20744,10427,10317,17043,8759,8284
478,District - Porbandar  (11),23,9564,4962,4602,4769,2511,2258,4795,2451,2344
479,District - Junagadh (12),23,46264,23593,22671,30265,15404,14861,15999,8189,7810
480,District - Amreli (13),23,24883,11916,12967,18157,8637,9520,6726,3279,3447
481,District - Bhavnagar (14),23,49121,24954,24167,27513,13772,13741,21608,11182,10426
482,District - Anand   (15),23,35714,18437,17277,24093,12507,11586,11621,5930,5691
483,District - Kheda (16),23,36458,18447,18011,27578,13880,13698,8880,4567,4313
484,District - Panch Mahals (17),23,37255,18869,18386,31132,15726,15406,6123,3143,2980
485,District - Dohad   (18),23,31286,15067,16219,27997,13401,14596,3289,1666,1623
486,District - Vadodara (19),23,69018,34849,34169,32328,16244,16084,36690,18605,18085
487,District - Narmada (20),23,9198,4705,4493,8011,4092,3919,1187,613,574
488,District - Bharuch (21),23,26906,14594,12312,17093,9393,7700,9813,5201,4612
489,District - The Dangs (22),23,3687,1708,1979,3312,1532,1780,375,176,199
490,District - Navsari   (23),23,22977,11917,11060,15228,7857,7371,7749,4060,3689
491,District - Valsad (24),23,29266,15391,13875,17106,8638,8468,12160,6753,5407
492,District - Surat (25),23,130577,75807,54770,21875,11895,9980,108702,63912,44790
493,District - Tapi (26),23,13356,6584,6772,11821,5790,6031,1535,794,741
468,District - Kachchh (01),24,38737,20737,18000,24162,13149,11013,14575,7588,6987
469,District - Banas Kantha (02),24,49060,24081,24979,41898,20457,21441,7162,3624,3538
470,District - Patan   (03),24,20693,10274,10419,16041,7867,8174,4652,2407,2245
471,District - Mahesana (04),24,33958,17139,16819,24686,12510,12176,9272,4629,4643
472,District - Sabar Kantha (05),24,39379,19721,19658,33146,16574,16572,6233,3147,3086
473,District - Gandhinagar (06),24,25033,12678,12355,13366,6758,6608,11667,5920,5747
474,District - Ahmadabad (07),24,134110,68779,65331,17789,9059,8730,116321,59720,56601
475,District - Surendranagar (08),24,29043,14773,14270,20009,10105,9904,9034,4668,4366
476,District - Rajkot (09),24,69630,34477,35153,27396,13268,14128,42234,21209,21025
477,District - Jamnagar (10),24,37648,19072,18576,19958,10042,9916,17690,9030,8660
478,District - Porbandar  (11),24,9519,4962,4557,4639,2406,2233,4880,2556,2324
479,District - Junagadh (12),24,45400,23160,22240,29542,15046,14496,15858,8114,7744
480,District - Amreli (13),24,23206,11429,11777,16781,8144,8637,6425,3285,3140
481,District - Bhavnagar (14),24,46976,24408,22568,25331,12888,12443,21645,11520,10125
482,District - Anand   (15),24,35468,18278,17190,23965,12393,11572,11503,5885,5618
483,District - Kheda (16),24,36986,18898,18088,28004,14250,13754,8982,4648,4334
484,District - Panch Mahals (17),24,38699,19459,19240,32542,16351,16191,6157,3108,3049
485,District - Dohad   (18),24,33149,15412,17737,29816,13781,16035,3333,1631,1702
486,District - Vadodara (19),24,70906,36240,34666,32777,16689,16088,38129,19551,18578
487,District - Narmada (20),24,9240,4622,4618,8136,4056,4080,1104,566,538
488,District - Bharuch (21),24,26980,14392,12588,17135,9249,7886,9845,5143,4702
489,District - The Dangs (22),24,3638,1746,1892,3259,1547,1712,379,199,180
490,District - Navsari   (23),24,23600,12262,11338,15557,8072,7485,8043,4190,3853
491,District - Valsad (24),24,30549,16133,14416,17372,8936,8436,13177,7197,5980
492,District - Surat (25),24,134808,78338,56470,22268,12103,10165,112540,66235,46305
493,District - Tapi (26),24,14072,6940,7132,12545,6171,6374,1527,769,758
468,District - Kachchh (01),25,52508,29055,23453,34215,19573,14642,18293,9482,8811
469,District - Banas Kantha (02),25,68522,39185,29337,58720,34037,24683,9802,5148,4654
470,District - Patan   (03),25,29911,16838,13073,23237,13354,9883,6674,3484,3190
471,District - Mahesana (04),25,45060,24463,20597,33535,18482,15053,11525,5981,5544
472,District - Sabar Kantha (05),25,49140,26980,22160,41373,22968,18405,7767,4012,3755
473,District - Gandhinagar (06),25,32035,16883,15152,17734,9537,8197,14301,7346,6955
474,District - Ahmadabad (07),25,166230,86236,79994,23918,13374,10544,142312,72862,69450
475,District - Surendranagar (08),25,35875,19561,16314,25081,13839,11242,10794,5722,5072
476,District - Rajkot (09),25,86653,45411,41242,33228,17628,15600,53425,27783,25642
477,District - Jamnagar (10),25,49505,26376,23129,26077,14380,11697,23428,11996,11432
478,District - Porbandar  (11),25,12414,6478,5936,6006,3189,2817,6408,3289,3119
479,District - Junagadh (12),25,56622,30047,26575,36984,20045,16939,19638,10002,9636
480,District - Amreli (13),25,30502,16392,14110,22132,12016,10116,8370,4376,3994
481,District - Bhavnagar (14),25,60093,32995,27098,33190,18400,14790,26903,14595,12308
482,District - Anand   (15),25,43285,23408,19877,29872,16495,13377,13413,6913,6500
483,District - Kheda (16),25,46208,25061,21147,35269,19398,15871,10939,5663,5276
484,District - Panch Mahals (17),25,47307,26628,20679,40254,22989,17265,7053,3639,3414
485,District - Dohad   (18),25,39730,22236,17494,35861,20279,15582,3869,1957,1912
486,District - Vadodara (19),25,84661,44710,39951,40834,22487,18347,43827,22223,21604
487,District - Narmada (20),25,10663,5695,4968,9350,5032,4318,1313,663,650
488,District - Bharuch (21),25,30922,16619,14303,19668,10764,8904,11254,5855,5399
489,District - The Dangs (22),25,4167,2055,2112,3788,1882,1906,379,173,206
490,District - Navsari   (23),25,26439,14051,12388,17021,9052,7969,9418,4999,4419
491,District - Valsad (24),25,36573,19568,17005,20694,10810,9884,15879,8758,7121
492,District - Surat (25),25,170839,100212,70627,26861,15032,11829,143978,85180,58798
493,District - Tapi (26),25,15696,7919,7777,13949,7036,6913,1747,883,864
468,District - Kachchh (01),26,38587,20983,17604,24079,13281,10798,14508,7702,6806
469,District - Banas Kantha (02),26,48859,25557,23302,41810,21966,19844,7049,3591,3458
470,District - Patan   (03),26,20716,10858,9858,15900,8379,7521,4816,2479,2337
471,District - Mahesana (04),26,33025,17251,15774,23968,12620,11348,9057,4631,4426
472,District - Sabar Kantha (05),26,37919,19634,18285,31791,16438,15353,6128,3196,2932
473,District - Gandhinagar (06),26,24549,12883,11666,13121,6930,6191,11428,5953,5475
474,District - Ahmadabad (07),26,135189,69884,65305,17615,9267,8348,117574,60617,56957
475,District - Surendranagar (08),26,28449,15005,13444,19586,10303,9283,8863,4702,4161
476,District - Rajkot (09),26,69275,35969,33306,26113,13716,12397,43162,22253,20909
477,District - Jamnagar (10),26,37303,19486,17817,19497,10325,9172,17806,9161,8645
478,District - Porbandar  (11),26,9472,4921,4551,4632,2438,2194,4840,2483,2357
479,District - Junagadh (12),26,43543,22528,21015,28188,14586,13602,15355,7942,7413
480,District - Amreli (13),26,21570,11146,10424,15591,8038,7553,5979,3108,2871
481,District - Bhavnagar (14),26,45986,24468,21518,24967,13134,11833,21019,11334,9685
482,District - Anand   (15),26,35476,18784,16692,23997,12727,11270,11479,6057,5422
483,District - Kheda (16),26,36324,19140,17184,27387,14468,12919,8937,4672,4265
484,District - Panch Mahals (17),26,37446,19895,17551,31478,16765,14713,5968,3130,2838
485,District - Dohad   (18),26,31844,16326,15518,28526,14662,13864,3318,1664,1654
486,District - Vadodara (19),26,70667,36581,34086,32034,16733,15301,38633,19848,18785
487,District - Narmada (20),26,8895,4607,4288,7794,4048,3746,1101,559,542
488,District - Bharuch (21),26,26138,13999,12139,16441,8863,7578,9697,5136,4561
489,District - The Dangs (22),26,3448,1677,1771,3062,1489,1573,386,188,198
490,District - Navsari   (23),26,23033,12051,10982,15004,7776,7228,8029,4275,3754
491,District - Valsad (24),26,29810,15857,13953,16838,8728,8110,12972,7129,5843
492,District - Surat (25),26,135455,78335,57120,21741,12032,9709,113714,66303,47411
493,District - Tapi (26),26,13303,6732,6571,11821,5932,5889,1482,800,682
468,District - Kachchh (01),27,33445,18178,15267,20605,11328,9277,12840,6850,5990
469,District - Banas Kantha (02),27,41173,21247,19926,34915,18027,16888,6258,3220,3038
470,District - Patan   (03),27,17874,9400,8474,13736,7294,6442,4138,2106,2032
471,District - Mahesana (04),27,29628,15347,14281,21086,10985,10101,8542,4362,4180
472,District - Sabar Kantha (05),27,33087,17168,15919,27664,14449,13215,5423,2719,2704
473,District - Gandhinagar (06),27,21910,11359,10551,11492,6029,5463,10418,5330,5088
474,District - Ahmadabad (07),27,122247,63480,58767,15298,8033,7265,106949,55447,51502
475,District - Surendranagar (08),27,25782,13716,12066,17590,9314,8276,8192,4402,3790
476,District - Rajkot (09),27,62882,32305,30577,23708,12178,11530,39174,20127,19047
477,District - Jamnagar (10),27,32248,16980,15268,16462,8734,7728,15786,8246,7540
478,District - Porbandar  (11),27,8793,4611,4182,4145,2211,1934,4648,2400,2248
479,District - Junagadh (12),27,39541,20447,19094,25542,13291,12251,13999,7156,6843
480,District - Amreli (13),27,19467,10176,9291,13808,7233,6575,5659,2943,2716
481,District - Bhavnagar (14),27,40507,21367,19140,21605,11319,10286,18902,10048,8854
482,District - Anand   (15),27,31175,16402,14773,20717,10934,9783,10458,5468,4990
483,District - Kheda (16),27,32258,16739,15519,24153,12579,11574,8105,4160,3945
484,District - Panch Mahals (17),27,32355,16747,15608,26961,13942,13019,5394,2805,2589
485,District - Dohad   (18),27,26872,13248,13624,24042,11787,12255,2830,1461,1369
486,District - Vadodara (19),27,64332,32931,31401,28619,14749,13870,35713,18182,17531
487,District - Narmada (20),27,8018,4107,3911,7045,3612,3433,973,495,478
488,District - Bharuch (21),27,23621,12359,11262,14834,7833,7001,8787,4526,4261
489,District - The Dangs (22),27,3039,1485,1554,2723,1347,1376,316,138,178
490,District - Navsari   (23),27,21068,11002,10066,13839,7196,6643,7229,3806,3423
491,District - Valsad (24),27,26773,14003,12770,15080,7642,7438,11693,6361,5332
492,District - Surat (25),27,119845,68153,51692,19460,10625,8835,100385,57528,42857
493,District - Tapi (26),27,12028,6018,6010,10698,5322,5376,1330,696,634
468,District - Kachchh (01),28,40322,20678,19644,25566,13093,12473,14756,7585,7171
469,District - Banas Kantha (02),28,58686,27281,31405,50849,23575,27274,7837,3706,4131
470,District - Patan   (03),28,24535,11494,13041,19403,9015,10388,5132,2479,2653
471,District - Mahesana (04),28,36422,17483,18939,26949,12846,14103,9473,4637,4836
472,District - Sabar Kantha (05),28,42877,20399,22478,36601,17341,19260,6276,3058,3218
473,District - Gandhinagar (06),28,26093,12754,13339,14577,7118,7459,11516,5636,5880
474,District - Ahmadabad (07),28,137251,68659,68592,20165,9503,10662,117086,59156,57930
475,District - Surendranagar (08),28,31436,15248,16188,22304,10650,11654,9132,4598,4534
476,District - Rajkot (09),28,72034,35693,36341,27455,13609,13846,44579,22084,22495
477,District - Jamnagar (10),28,39113,19140,19973,21190,10363,10827,17923,8777,9146
478,District - Porbandar  (11),28,10088,5079,5009,5068,2520,2548,5020,2559,2461
479,District - Junagadh (12),28,48190,23868,24322,32262,16039,16223,15928,7829,8099
480,District - Amreli (13),28,25168,12026,13142,18388,8719,9669,6780,3307,3473
481,District - Bhavnagar (14),28,51394,25503,25891,29356,14250,15106,22038,11253,10785
482,District - Anand   (15),28,37505,18657,18848,26255,13028,13227,11250,5629,5621
483,District - Kheda (16),28,40186,19690,20496,31081,15042,16039,9105,4648,4457
484,District - Panch Mahals (17),28,41827,20168,21659,35950,17276,18674,5877,2892,2985
485,District - Dohad   (18),28,36790,17396,19394,33452,15755,17697,3338,1641,1697
486,District - Vadodara (19),28,75522,37189,38333,36919,17855,19064,38603,19334,19269
487,District - Narmada (20),28,9407,4496,4911,8355,3965,4390,1052,531,521
488,District - Bharuch (21),28,26786,13556,13230,17277,8746,8531,9509,4810,4699
489,District - The Dangs (22),28,3954,1870,2084,3544,1684,1860,410,186,224
490,District - Navsari   (23),28,23633,12082,11551,15558,7862,7696,8075,4220,3855
491,District - Valsad (24),28,31137,15853,15284,17931,8704,9227,13206,7149,6057
492,District - Surat (25),28,139092,77982,61110,22884,11890,10994,116208,66092,50116
493,District - Tapi (26),28,14018,6745,7273,12589,6047,6542,1429,698,731
468,District - Kachchh (01),29,28417,14993,13424,16781,8865,7916,11636,6128,5508
469,District - Banas Kantha (02),29,35132,17309,17823,29726,14546,15180,5406,2763,2643
470,District - Patan   (03),29,15610,7920,7690,11811,5976,5835,3799,1944,1855
471,District - Mahesana (04),29,25621,13099,12522,17609,9106,8503,8012,3993,4019
472,District - Sabar Kantha (05),29,29767,15178,14589,24675,12637,12038,5092,2541,2551
473,District - Gandhinagar (06),29,19825,10217,9608,10271,5328,4943,9554,4889,4665
474,District - Ahmadabad (07),29,116098,59926,56172,14133,7299,6834,101965,52627,49338
475,District - Surendranagar (08),29,22292,11366,10926,15271,7753,7518,7021,3613,3408
476,District - Rajkot (09),29,56595,29135,27460,20487,10655,9832,36108,18480,17628
477,District - Jamnagar (10),29,28654,14466,14188,14147,7139,7008,14507,7327,7180
478,District - Porbandar  (11),29,7662,3937,3725,3606,1852,1754,4056,2085,1971
479,District - Junagadh (12),29,34706,17704,17002,22138,11363,10775,12568,6341,6227
480,District - Amreli (13),29,17383,8686,8697,12055,6011,6044,5328,2675,2653
481,District - Bhavnagar (14),29,36465,18996,17469,19162,9918,9244,17303,9078,8225
482,District - Anand   (15),29,28591,14791,13800,18950,9786,9164,9641,5005,4636
483,District - Kheda (16),29,30500,15596,14904,22604,11586,11018,7896,4010,3886
484,District - Panch Mahals (17),29,29325,14620,14705,24423,12127,12296,4902,2493,2409
485,District - Dohad   (18),29,25572,11699,13873,23038,10443,12595,2534,1256,1278
486,District - Vadodara (19),29,60461,30712,29749,26625,13433,13192,33836,17279,16557
487,District - Narmada (20),29,7533,3827,3706,6702,3420,3282,831,407,424
488,District - Bharuch (21),29,23150,12165,10985,14468,7607,6861,8682,4558,4124
489,District - The Dangs (22),29,2812,1422,1390,2504,1260,1244,308,162,146
490,District - Navsari   (23),29,19984,10453,9531,13384,6895,6489,6600,3558,3042
491,District - Valsad (24),29,26083,13472,12611,14904,7347,7557,11179,6125,5054
492,District - Surat (25),29,107706,60243,47463,18205,9734,8471,89501,50509,38992
493,District - Tapi (26),29,11603,5768,5835,10275,5107,5168,1328,661,667
468,District - Kachchh (01),30,53949,29357,24592,34952,19239,15713,18997,10118,8879
469,District - Banas Kantha (02),30,74797,40839,33958,64276,35486,28790,10521,5353,5168
470,District - Patan   (03),30,32825,17950,14875,25888,14315,11573,6937,3635,3302
471,District - Mahesana (04),30,47652,25191,22461,35909,19173,16736,11743,6018,5725
472,District - Sabar Kantha (05),30,52779,27683,25096,44719,23595,21124,8060,4088,3972
473,District - Gandhinagar (06),30,33816,17747,16069,19282,10269,9013,14534,7478,7056
474,District - Ahmadabad (07),30,174109,90781,83328,27006,14579,12427,147103,76202,70901
475,District - Surendranagar (08),30,39010,20746,18264,27800,14859,12941,11210,5887,5323
476,District - Rajkot (09),30,89284,47007,42277,33923,18053,15870,55361,28954,26407
477,District - Jamnagar (10),30,53310,28194,25116,27755,15102,12653,25555,13092,12463
478,District - Porbandar  (11),30,13943,7127,6816,6982,3631,3351,6961,3496,3465
479,District - Junagadh (12),30,62295,32308,29987,41632,21931,19701,20663,10377,10286
480,District - Amreli (13),30,33111,17839,15272,24335,13279,11056,8776,4560,4216
481,District - Bhavnagar (14),30,63663,34079,29584,35639,19133,16506,28024,14946,13078
482,District - Anand   (15),30,46790,24437,22353,33228,17503,15725,13562,6934,6628
483,District - Kheda (16),30,50617,26467,24150,39602,20913,18689,11015,5554,5461
484,District - Panch Mahals (17),30,51182,27805,23377,44096,24240,19856,7086,3565,3521
485,District - Dohad   (18),30,43334,24097,19237,39387,22153,17234,3947,1944,2003
486,District - Vadodara (19),30,92328,48503,43825,46286,24800,21486,46042,23703,22339
487,District - Narmada (20),30,11808,6056,5752,10534,5411,5123,1274,645,629
488,District - Bharuch (21),30,33086,17065,16021,21363,11097,10266,11723,5968,5755
489,District - The Dangs (22),30,4392,2215,2177,3897,1972,1925,495,243,252
490,District - Navsari   (23),30,27317,14195,13122,17901,9121,8780,9416,5074,4342
491,District - Valsad (24),30,39917,21122,18795,23055,11866,11189,16862,9256,7606
492,District - Surat (25),30,172063,99260,72803,28030,15282,12748,144033,83978,60055
493,District - Tapi (26),30,16438,8288,8150,14830,7500,7330,1608,788,820
468,District - Kachchh (01),31,27013,14848,12165,16021,8973,7048,10992,5875,5117
469,District - Banas Kantha (02),31,32445,16961,15484,27302,14247,13055,5143,2714,2429
470,District - Patan   (03),31,14511,7683,6828,10980,5822,5158,3531,1861,1670
471,District - Mahesana (04),31,24195,12732,11463,16773,8913,7860,7422,3819,3603
472,District - Sabar Kantha (05),31,27808,14691,13117,23026,12267,10759,4782,2424,2358
473,District - Gandhinagar (06),31,18817,9864,8953,9792,5166,4626,9025,4698,4327
474,District - Ahmadabad (07),31,111590,58432,53158,13651,7288,6363,97939,51144,46795
475,District - Surendranagar (08),31,20908,11261,9647,14240,7760,6480,6668,3501,3167
476,District - Rajkot (09),31,55463,29450,26013,20373,11013,9360,35090,18437,16653
477,District - Jamnagar (10),31,28263,14919,13344,13949,7468,6481,14314,7451,6863
478,District - Porbandar  (11),31,7967,4059,3908,3813,1964,1849,4154,2095,2059
479,District - Junagadh (12),31,34493,18005,16488,22134,11677,10457,12359,6328,6031
480,District - Amreli (13),31,16751,8642,8109,11795,6116,5679,4956,2526,2430
481,District - Bhavnagar (14),31,35147,18740,16407,18637,9897,8740,16510,8843,7667
482,District - Anand   (15),31,28482,15078,13404,18911,10101,8810,9571,4977,4594
483,District - Kheda (16),31,29854,15784,14070,22277,11871,10406,7577,3913,3664
484,District - Panch Mahals (17),31,28548,14938,13610,23773,12436,11337,4775,2502,2273
485,District - Dohad   (18),31,23554,12025,11529,21068,10773,10295,2486,1252,1234
486,District - Vadodara (19),31,57941,30016,27925,25243,13180,12063,32698,16836,15862
487,District - Narmada (20),31,7175,3743,3432,6362,3336,3026,813,407,406
488,District - Bharuch (21),31,22088,11591,10497,13767,7310,6457,8321,4281,4040
489,District - The Dangs (22),31,2535,1348,1187,2224,1183,1041,311,165,146
490,District - Navsari   (23),31,19766,10353,9413,13067,6757,6310,6699,3596,3103
491,District - Valsad (24),31,24989,13054,11935,14237,7178,7059,10752,5876,4876
492,District - Surat (25),31,102609,57960,44649,17319,9262,8057,85290,48698,36592
493,District - Tapi (26),31,10674,5380,5294,9409,4727,4682,1265,653,612
468,District - Kachchh (01),32,32987,17810,15177,20681,11192,9489,12306,6618,5688
469,District - Banas Kantha (02),32,47541,24258,23283,40709,20832,19877,6832,3426,3406
470,District - Patan   (03),32,20851,10562,10289,16389,8321,8068,4462,2241,2221
471,District - Mahesana (04),32,32246,15979,16267,23810,11796,12014,8436,4183,4253
472,District - Sabar Kantha (05),32,37679,18956,18723,31829,16041,15788,5850,2915,2935
473,District - Gandhinagar (06),32,23028,11636,11392,12910,6450,6460,10118,5186,4932
474,District - Ahmadabad (07),32,116700,59505,57195,16946,8456,8490,99754,51049,48705
475,District - Surendranagar (08),32,26219,13711,12508,18473,9677,8796,7746,4034,3712
476,District - Rajkot (09),32,61200,31676,29524,23761,12384,11377,37439,19292,18147
477,District - Jamnagar (10),32,33204,17097,16107,17606,9147,8459,15598,7950,7648
478,District - Porbandar  (11),32,8998,4570,4428,4553,2276,2277,4445,2294,2151
479,District - Junagadh (12),32,43029,21759,21270,29077,14727,14350,13952,7032,6920
480,District - Amreli (13),32,21861,11109,10752,16000,8104,7896,5861,3005,2856
481,District - Bhavnagar (14),32,42805,21919,20886,23857,12125,11732,18948,9794,9154
482,District - Anand   (15),32,34464,17663,16801,24248,12417,11831,10216,5246,4970
483,District - Kheda (16),32,36323,18284,18039,28080,14101,13979,8243,4183,4060
484,District - Panch Mahals (17),32,36223,18552,17671,30937,15874,15063,5286,2678,2608
485,District - Dohad   (18),32,29265,14916,14349,26443,13498,12945,2822,1418,1404
486,District - Vadodara (19),32,66954,33917,33037,32927,16672,16255,34027,17245,16782
487,District - Narmada (20),32,8632,4203,4429,7700,3747,3953,932,456,476
488,District - Bharuch (21),32,24011,12191,11820,15594,7975,7619,8417,4216,4201
489,District - The Dangs (22),32,2890,1403,1487,2551,1229,1322,339,174,165
490,District - Navsari   (23),32,21145,10712,10433,14296,7142,7154,6849,3570,3279
491,District - Valsad (24),32,27259,13973,13286,16093,7873,8220,11166,6100,5066
492,District - Surat (25),32,111512,62831,48681,20101,10446,9655,91411,52385,39026
493,District - Tapi (26),32,12586,6110,6476,11291,5447,5844,1295,663,632
468,District - Kachchh (01),33,25017,12754,12263,15379,7687,7692,9638,5067,4571
469,District - Banas Kantha (02),33,38032,16942,21090,32783,14442,18341,5249,2500,2749
470,District - Patan   (03),33,15762,7080,8682,12405,5506,6899,3357,1574,1783
471,District - Mahesana (04),33,25326,11889,13437,18547,8562,9985,6779,3327,3452
472,District - Sabar Kantha (05),33,30931,14288,16643,26096,11938,14158,4835,2350,2485
473,District - Gandhinagar (06),33,17927,8631,9296,9771,4548,5223,8156,4083,4073
474,District - Ahmadabad (07),33,95123,47505,47618,13805,6250,7555,81318,41255,40063
475,District - Surendranagar (08),33,21555,10173,11382,15420,7112,8308,6135,3061,3074
476,District - Rajkot (09),33,49741,24273,25468,19747,9406,10341,29994,14867,15127
477,District - Jamnagar (10),33,26680,12763,13917,14535,6771,7764,12145,5992,6153
478,District - Porbandar  (11),33,7404,3533,3871,3772,1746,2026,3632,1787,1845
479,District - Junagadh (12),33,35294,16662,18632,23777,11152,12625,11517,5510,6007
480,District - Amreli (13),33,17665,8090,9575,13085,5892,7193,4580,2198,2382
481,District - Bhavnagar (14),33,34677,16404,18273,19911,9000,10911,14766,7404,7362
482,District - Anand   (15),33,27392,13277,14115,19153,9197,9956,8239,4080,4159
483,District - Kheda (16),33,29270,13612,15658,22579,10239,12340,6691,3373,3318
484,District - Panch Mahals (17),33,29240,13674,15566,24898,11534,13364,4342,2140,2202
485,District - Dohad   (18),33,24293,11031,13262,21930,9929,12001,2363,1102,1261
486,District - Vadodara (19),33,54842,26392,28450,26303,12105,14198,28539,14287,14252
487,District - Narmada (20),33,7381,3593,3788,6566,3154,3412,815,439,376
488,District - Bharuch (21),33,19677,9924,9753,12748,6457,6291,6929,3467,3462
489,District - The Dangs (22),33,2355,1102,1253,2109,978,1131,246,124,122
490,District - Navsari   (23),33,18051,9173,8878,12448,6244,6204,5603,2929,2674
491,District - Valsad (24),33,22172,11282,10890,13271,6550,6721,8901,4732,4169
492,District - Surat (25),33,84951,45671,39280,16203,8030,8173,68748,37641,31107
493,District - Tapi (26),33,10428,4926,5502,9358,4392,4966,1070,534,536
468,District - Kachchh (01),34,24612,13007,11605,14237,7431,6806,10375,5576,4799
469,District - Banas Kantha (02),34,35626,16957,18669,30152,14196,15956,5474,2761,2713
470,District - Patan   (03),34,15623,7658,7965,11892,5784,6108,3731,1874,1857
471,District - Mahesana (04),34,25920,12828,13092,18126,8902,9224,7794,3926,3868
472,District - Sabar Kantha (05),34,31478,15200,16278,26512,12780,13732,4966,2420,2546
473,District - Gandhinagar (06),34,19537,10014,9523,10362,5336,5026,9175,4678,4497
474,District - Ahmadabad (07),34,106609,54716,51893,13687,6728,6959,92922,47988,44934
475,District - Surendranagar (08),34,20692,10105,10587,14409,6921,7488,6283,3184,3099
476,District - Rajkot (09),34,49312,24629,24683,18783,9217,9566,30529,15412,15117
477,District - Jamnagar (10),34,26411,13101,13310,13620,6567,7053,12791,6534,6257
478,District - Porbandar  (11),34,7402,3664,3738,3552,1732,1820,3850,1932,1918
479,District - Junagadh (12),34,35656,17575,18081,23550,11582,11968,12106,5993,6113
480,District - Amreli (13),34,17429,8436,8993,12424,5953,6471,5005,2483,2522
481,District - Bhavnagar (14),34,34387,17171,17216,18519,9050,9469,15868,8121,7747
482,District - Anand   (15),34,29974,15201,14773,20330,10284,10046,9644,4917,4727
483,District - Kheda (16),34,32074,16090,15984,24437,12275,12162,7637,3815,3822
484,District - Panch Mahals (17),34,30138,14297,15841,25433,11955,13478,4705,2342,2363
485,District - Dohad   (18),34,25333,11147,14186,22812,9937,12875,2521,1210,1311
486,District - Vadodara (19),34,61009,30487,30522,28512,14125,14387,32497,16362,16135
487,District - Narmada (20),34,7932,4003,3929,7069,3546,3523,863,457,406
488,District - Bharuch (21),34,22575,11396,11179,14168,7152,7016,8407,4244,4163
489,District - The Dangs (22),34,2541,1222,1319,2257,1088,1169,284,134,150
490,District - Navsari   (23),34,19787,9993,9794,13647,6831,6816,6140,3162,2978
491,District - Valsad (24),34,25529,13184,12345,14910,7591,7319,10619,5593,5026
492,District - Surat (25),34,92817,51194,41623,17914,9310,8604,74903,41884,33019
493,District - Tapi (26),34,11926,5888,6038,10640,5238,5402,1286,650,636
468,District - Kachchh (01),35,46449,26286,20163,29839,17174,12665,16610,9112,7498
469,District - Banas Kantha (02),35,62228,36543,25685,52894,31556,21338,9334,4987,4347
470,District - Patan   (03),35,28852,16698,12154,22338,13121,9217,6514,3577,2937
471,District - Mahesana (04),35,44290,24589,19701,33568,18885,14683,10722,5704,5018
472,District - Sabar Kantha (05),35,47687,26716,20971,40243,22789,17454,7444,3927,3517
473,District - Gandhinagar (06),35,31211,17111,14100,18176,10249,7927,13035,6862,6173
474,District - Ahmadabad (07),35,153376,82465,70911,24420,14141,10279,128956,68324,60632
475,District - Surendranagar (08),35,33343,18913,14430,23423,13572,9851,9920,5341,4579
476,District - Rajkot (09),35,79147,43476,35671,30158,16992,13166,48989,26484,22505
477,District - Jamnagar (10),35,48554,27097,21457,25274,14729,10545,23280,12368,10912
478,District - Porbandar  (11),35,13258,7035,6223,6546,3576,2970,6712,3459,3253
479,District - Junagadh (12),35,58882,32436,26446,39255,22167,17088,19627,10269,9358
480,District - Amreli (13),35,31207,17930,13277,22782,13262,9520,8425,4668,3757
481,District - Bhavnagar (14),35,57230,32417,24813,31172,18029,13143,26058,14388,11670
482,District - Anand   (15),35,44219,24415,19804,31567,17832,13735,12652,6583,6069
483,District - Kheda (16),35,47911,26639,21272,37644,21227,16417,10267,5412,4855
484,District - Panch Mahals (17),35,45232,25994,19238,38584,22561,16023,6648,3433,3215
485,District - Dohad   (18),35,35684,21016,14668,32008,19094,12914,3676,1922,1754
486,District - Vadodara (19),35,84397,45701,38696,42968,24288,18680,41429,21413,20016
487,District - Narmada (20),35,11560,6267,5293,10269,5636,4633,1291,631,660
488,District - Bharuch (21),35,31376,16623,14753,20281,10825,9456,11095,5798,5297
489,District - The Dangs (22),35,3482,1825,1657,3077,1619,1458,405,206,199
490,District - Navsari   (23),35,26314,13680,12634,17855,9184,8671,8459,4496,3963
491,District - Valsad (24),35,37183,20202,16981,21741,11621,10120,15442,8581,6861
492,District - Surat (25),35,144126,84025,60101,26193,14407,11786,117933,69618,48315
493,District - Tapi (26),35,15564,8117,7447,14032,7319,6713,1532,798,734
468,District - Kachchh (01),36,26063,14091,11972,15912,8730,7182,10151,5361,4790
469,District - Banas Kantha (02),36,37021,19378,17643,31325,16453,14872,5696,2925,2771
470,District - Patan   (03),36,16132,8433,7699,12278,6453,5825,3854,1980,1874
471,District - Mahesana (04),36,25980,13541,12439,18672,9783,8889,7308,3758,3550
472,District - Sabar Kantha (05),36,30733,15848,14885,25775,13283,12492,4958,2565,2393
473,District - Gandhinagar (06),36,19223,10134,9089,10342,5490,4852,8881,4644,4237
474,District - Ahmadabad (07),36,103824,54200,49624,14226,7550,6676,89598,46650,42948
475,District - Surendranagar (08),36,21879,11438,10441,15073,7920,7153,6806,3518,3288
476,District - Rajkot (09),36,53574,28130,25444,20810,11008,9802,32764,17122,15642
477,District - Jamnagar (10),36,29047,15439,13608,15227,8156,7071,13820,7283,6537
478,District - Porbandar  (11),36,8349,4346,4003,4232,2200,2032,4117,2146,1971
479,District - Junagadh (12),36,37864,19630,18234,24833,13073,11760,13031,6557,6474
480,District - Amreli (13),36,18122,9507,8615,13266,6947,6319,4856,2560,2296
481,District - Bhavnagar (14),36,35848,18934,16914,19723,10300,9423,16125,8634,7491
482,District - Anand   (15),36,30735,16247,14488,21342,11419,9923,9393,4828,4565
483,District - Kheda (16),36,32162,16968,15194,24590,13062,11528,7572,3906,3666
484,District - Panch Mahals (17),36,31128,16321,14807,26335,13807,12528,4793,2514,2279
485,District - Dohad   (18),36,25158,13261,11897,22650,12000,10650,2508,1261,1247
486,District - Vadodara (19),36,60360,31102,29258,28661,14992,13669,31699,16110,15589
487,District - Narmada (20),36,8066,4182,3884,7211,3772,3439,855,410,445
488,District - Bharuch (21),36,23010,12138,10872,14792,7914,6878,8218,4224,3994
489,District - The Dangs (22),36,2400,1183,1217,2108,1049,1059,292,134,158
490,District - Navsari   (23),36,20303,10314,9989,14043,7102,6941,6260,3212,3048
491,District - Valsad (24),36,26297,13834,12463,15687,8016,7671,10610,5818,4792
492,District - Surat (25),36,92794,51991,40803,18438,9714,8724,74356,42277,32079
493,District - Tapi (26),36,11700,5854,5846,10523,5252,5271,1177,602,575
468,District - Kachchh (01),37,20951,11005,9946,12431,6468,5963,8520,4537,3983
469,District - Banas Kantha (02),37,28438,14350,14088,23846,12006,11840,4592,2344,2248
470,District - Patan   (03),37,13263,6851,6412,10176,5299,4877,3087,1552,1535
471,District - Mahesana (04),37,22401,11199,11202,16015,8062,7953,6386,3137,3249
472,District - Sabar Kantha (05),37,26476,13402,13074,22159,11220,10939,4317,2182,2135
473,District - Gandhinagar (06),37,16342,8320,8022,8661,4450,4211,7681,3870,3811
474,District - Ahmadabad (07),37,88598,45350,43248,12236,6173,6063,76362,39177,37185
475,District - Surendranagar (08),37,18114,9358,8756,12516,6465,6051,5598,2893,2705
476,District - Rajkot (09),37,43543,22343,21200,17031,8862,8169,26512,13481,13031
477,District - Jamnagar (10),37,22596,11744,10852,11945,6360,5585,10651,5384,5267
478,District - Porbandar  (11),37,6589,3345,3244,3209,1673,1536,3380,1672,1708
479,District - Junagadh (12),37,31535,16293,15242,20729,10800,9929,10806,5493,5313
480,District - Amreli (13),37,15303,7801,7502,11086,5637,5449,4217,2164,2053
481,District - Bhavnagar (14),37,29393,14953,14440,16115,8261,7854,13278,6692,6586
482,District - Anand   (15),37,24930,12822,12108,16966,8805,8161,7964,4017,3947
483,District - Kheda (16),37,26554,13485,13069,20270,10303,9967,6284,3182,3102
484,District - Panch Mahals (17),37,24996,12609,12387,20908,10603,10305,4088,2006,2082
485,District - Dohad   (18),37,19341,9445,9896,17295,8412,8883,2046,1033,1013
486,District - Vadodara (19),37,52356,26471,25885,24496,12479,12017,27860,13992,13868
487,District - Narmada (20),37,6972,3469,3503,6227,3082,3145,745,387,358
488,District - Bharuch (21),37,19815,10125,9690,12495,6424,6071,7320,3701,3619
489,District - The Dangs (22),37,2071,1059,1012,1840,942,898,231,117,114
490,District - Navsari   (23),37,17718,8964,8754,12470,6276,6194,5248,2688,2560
491,District - Valsad (24),37,21841,11220,10621,13379,6656,6723,8462,4564,3898
492,District - Surat (25),37,74469,39747,34722,15343,7876,7467,59126,31871,27255
493,District - Tapi (26),37,10259,4990,5269,9304,4515,4789,955,475,480
468,District - Kachchh (01),38,27268,13095,14173,16865,7916,8949,10403,5179,5224
469,District - Banas Kantha (02),38,45591,20032,25559,39432,17161,22271,6159,2871,3288
470,District - Patan   (03),38,19624,8680,10944,15505,6778,8727,4119,1902,2217
471,District - Mahesana (04),38,30973,14003,16970,23301,10383,12918,7672,3620,4052
472,District - Sabar Kantha (05),38,37389,17111,20278,31951,14543,17408,5438,2568,2870
473,District - Gandhinagar (06),38,21049,9713,11336,11913,5401,6512,9136,4312,4824
474,District - Ahmadabad (07),38,105055,51024,54031,17260,7681,9579,87795,43343,44452
475,District - Surendranagar (08),38,25194,11639,13555,17918,8166,9752,7276,3473,3803
476,District - Rajkot (09),38,56181,26414,29767,22910,10608,12302,33271,15806,17465
477,District - Jamnagar (10),38,30341,13928,16413,17070,7596,9474,13271,6332,6939
478,District - Porbandar  (11),38,8730,4077,4653,4551,2047,2504,4179,2030,2149
479,District - Junagadh (12),38,42564,19860,22704,29075,13485,15590,13489,6375,7114
480,District - Amreli (13),38,22550,10161,12389,16848,7541,9307,5702,2620,3082
481,District - Bhavnagar (14),38,41113,18783,22330,24108,10666,13442,17005,8117,8888
482,District - Anand   (15),38,32180,15326,16854,22939,10813,12126,9241,4513,4728
483,District - Kheda (16),38,35085,16128,18957,27525,12524,15001,7560,3604,3956
484,District - Panch Mahals (17),38,35795,16183,19612,30886,13860,17026,4909,2323,2586
485,District - Dohad   (18),38,28136,12872,15264,25458,11571,13887,2678,1301,1377
486,District - Vadodara (19),38,65150,30856,34294,33354,15438,17916,31796,15418,16378
487,District - Narmada (20),38,8889,4087,4802,8007,3656,4351,882,431,451
488,District - Bharuch (21),38,23532,11418,12114,15453,7418,8035,8079,4000,4079
489,District - The Dangs (22),38,2918,1313,1605,2591,1157,1434,327,156,171
490,District - Navsari   (23),38,20574,9946,10628,14462,6877,7585,6112,3069,3043
491,District - Valsad (24),38,26309,13072,13237,16353,7819,8534,9956,5253,4703
492,District - Surat (25),38,90889,47748,43141,19005,9146,9859,71884,38602,33282
493,District - Tapi (26),38,12811,5915,6896,11640,5336,6304,1171,579,592
468,District - Kachchh (01),39,19865,10508,9357,11213,5912,5301,8652,4596,4056
469,District - Banas Kantha (02),39,25776,12310,13466,21477,10080,11397,4299,2230,2069
470,District - Patan   (03),39,11995,5967,6028,8901,4393,4508,3094,1574,1520
471,District - Mahesana (04),39,20696,10420,10276,14205,7174,7031,6491,3246,3245
472,District - Sabar Kantha (05),39,24450,12468,11982,20307,10390,9917,4143,2078,2065
473,District - Gandhinagar (06),39,16163,8322,7841,8350,4257,4093,7813,4065,3748
474,District - Ahmadabad (07),39,89326,46349,42977,11501,5936,5565,77825,40413,37412
475,District - Surendranagar (08),39,16784,8483,8301,11276,5728,5548,5508,2755,2753
476,District - Rajkot (09),39,43105,21997,21108,16273,8343,7930,26832,13654,13178
477,District - Jamnagar (10),39,22620,11431,11189,11190,5561,5629,11430,5870,5560
478,District - Porbandar  (11),39,6505,3306,3199,3201,1630,1571,3304,1676,1628
479,District - Junagadh (12),39,29360,14904,14456,18913,9548,9365,10447,5356,5091
480,District - Amreli (13),39,15393,7598,7795,10975,5387,5588,4418,2211,2207
481,District - Bhavnagar (14),39,29016,14710,14306,15379,7602,7777,13637,7108,6529
482,District - Anand   (15),39,23418,12092,11326,15553,8097,7456,7865,3995,3870
483,District - Kheda (16),39,26140,13391,12749,19517,10003,9514,6623,3388,3235
484,District - Panch Mahals (17),39,24064,11911,12153,20008,9840,10168,4056,2071,1985
485,District - Dohad   (18),39,18985,8759,10226,17018,7800,9218,1967,959,1008
486,District - Vadodara (19),39,52353,26728,25625,23777,12120,11657,28576,14608,13968
487,District - Narmada (20),39,6977,3519,3458,6219,3162,3057,758,357,401
488,District - Bharuch (21),39,20529,10661,9868,12797,6665,6132,7732,3996,3736
489,District - The Dangs (22),39,2124,1013,1111,1879,896,983,245,117,128
490,District - Navsari   (23),39,17564,8963,8601,12219,6126,6093,5345,2837,2508
491,District - Valsad (24),39,22100,11651,10449,13129,6668,6461,8971,4983,3988
492,District - Surat (25),39,74191,41020,33171,15295,7941,7354,58896,33079,25817
493,District - Tapi (26),39,10438,5090,5348,9396,4561,4835,1042,529,513
468,District - Kachchh (01),40,44400,24093,20307,28833,15647,13186,15567,8446,7121
469,District - Banas Kantha (02),40,62984,34509,28475,54015,29974,24041,8969,4535,4434
470,District - Patan   (03),40,29620,15911,13709,23371,12695,10676,6249,3216,3033
471,District - Mahesana (04),40,46349,24108,22241,35713,18690,17023,10636,5418,5218
472,District - Sabar Kantha (05),40,48944,25613,23331,41531,21869,19662,7413,3744,3669
473,District - Gandhinagar (06),40,31133,16105,15028,18695,9727,8968,12438,6378,6060
474,District - Ahmadabad (07),40,145099,75680,69419,25221,13767,11454,119878,61913,57965
475,District - Surendranagar (08),40,34373,18475,15898,24029,13146,10883,10344,5329,5015
476,District - Rajkot (09),40,79724,42110,37614,32268,17130,15138,47456,24980,22476
477,District - Jamnagar (10),40,48735,26166,22569,26194,14374,11820,22541,11792,10749
478,District - Porbandar  (11),40,14116,7189,6927,7079,3616,3463,7037,3573,3464
479,District - Junagadh (12),40,61272,32184,29088,41379,21985,19394,19893,10199,9694
480,District - Amreli (13),40,33273,17797,15476,24693,13312,11381,8580,4485,4095
481,District - Bhavnagar (14),40,58313,31370,26943,32666,17754,14912,25647,13616,12031
482,District - Anand   (15),40,44742,23223,21519,32378,17001,15377,12364,6222,6142
483,District - Kheda (16),40,49478,25961,23517,39206,20814,18392,10272,5147,5125
484,District - Panch Mahals (17),40,46698,25425,21273,40258,22200,18058,6440,3225,3215
485,District - Dohad   (18),40,33974,19422,14552,30416,17629,12787,3558,1793,1765
486,District - Vadodara (19),40,87617,45894,41723,46265,25117,21148,41352,20777,20575
487,District - Narmada (20),40,12455,6451,6004,11162,5814,5348,1293,637,656
488,District - Bharuch (21),40,33092,17044,16048,21970,11296,10674,11122,5748,5374
489,District - The Dangs (22),40,3815,1963,1852,3386,1743,1643,429,220,209
490,District - Navsari   (23),40,27427,13547,13880,19368,9491,9877,8059,4056,4003
491,District - Valsad (24),40,36065,19149,16916,22318,11556,10762,13747,7593,6154
492,District - Surat (25),40,129815,73355,56460,26893,13976,12917,102922,59379,43543
493,District - Tapi (26),40,17430,8691,8739,15850,7940,7910,1580,751,829
468,District - Kachchh (01),41,19255,10573,8682,11257,6215,5042,7998,4358,3640
469,District - Banas Kantha (02),41,23952,13023,10929,19767,10828,8939,4185,2195,1990
470,District - Patan   (03),41,11772,6221,5551,8720,4688,4032,3052,1533,1519
471,District - Mahesana (04),41,20448,10595,9853,14156,7398,6758,6292,3197,3095
472,District - Sabar Kantha (05),41,22240,11590,10650,18107,9488,8619,4133,2102,2031
473,District - Gandhinagar (06),41,15462,8166,7296,7904,4222,3682,7558,3944,3614
474,District - Ahmadabad (07),41,88552,46504,42048,10967,5852,5115,77585,40652,36933
475,District - Surendranagar (08),41,15931,8596,7335,10610,5800,4810,5321,2796,2525
476,District - Rajkot (09),41,43762,23309,20453,16582,8939,7643,27180,14370,12810
477,District - Jamnagar (10),41,22721,12250,10471,11582,6298,5284,11139,5952,5187
478,District - Porbandar  (11),41,6813,3625,3188,3411,1819,1592,3402,1806,1596
479,District - Junagadh (12),41,28959,15451,13508,18259,9840,8419,10700,5611,5089
480,District - Amreli (13),41,14921,7970,6951,10736,5781,4955,4185,2189,1996
481,District - Bhavnagar (14),41,28033,15053,12980,14666,7900,6766,13367,7153,6214
482,District - Anand   (15),41,22705,12084,10621,15186,8162,7024,7519,3922,3597
483,District - Kheda (16),41,24622,13023,11599,18344,9732,8612,6278,3291,2987
484,District - Panch Mahals (17),41,22885,12268,10617,18863,10162,8701,4022,2106,1916
485,District - Dohad   (18),41,16909,8989,7920,14888,7955,6933,2021,1034,987
486,District - Vadodara (19),41,49915,26239,23676,22104,11908,10196,27811,14331,13480
487,District - Narmada (20),41,6580,3377,3203,5839,3004,2835,741,373,368
488,District - Bharuch (21),41,19818,10637,9181,12505,6706,5799,7313,3931,3382
489,District - The Dangs (22),41,1970,996,974,1750,871,879,220,125,95
490,District - Navsari   (23),41,17279,8831,8448,12057,6150,5907,5222,2681,2541
491,District - Valsad (24),41,21263,11338,9925,12969,6790,6179,8294,4548,3746
492,District - Surat (25),41,70311,39181,31130,14516,7538,6978,55795,31643,24152
493,District - Tapi (26),41,9962,5119,4843,8975,4632,4343,987,487,500
468,District - Kachchh (01),42,23399,12563,10836,14269,7670,6599,9130,4893,4237
469,District - Banas Kantha (02),42,34370,17641,16729,29145,14948,14197,5225,2693,2532
470,District - Patan   (03),42,16937,8749,8188,13055,6789,6266,3882,1960,1922
471,District - Mahesana (04),42,29070,14604,14466,21672,10850,10822,7398,3754,3644
472,District - Sabar Kantha (05),42,30996,15681,15315,26114,13288,12826,4882,2393,2489
473,District - Gandhinagar (06),42,19136,9809,9327,10548,5378,5170,8588,4431,4157
474,District - Ahmadabad (07),42,93248,48177,45071,13898,7190,6708,79350,40987,38363
475,District - Surendranagar (08),42,21641,11399,10242,14844,7827,7017,6797,3572,3225
476,District - Rajkot (09),42,50259,25824,24435,20730,10862,9868,29529,14962,14567
477,District - Jamnagar (10),42,26587,13763,12824,14738,7551,7187,11849,6212,5637
478,District - Porbandar  (11),42,7970,4081,3889,4095,2089,2006,3875,1992,1883
479,District - Junagadh (12),42,37317,19272,18045,25118,13084,12034,12199,6188,6011
480,District - Amreli (13),42,19904,10065,9839,14915,7552,7363,4989,2513,2476
481,District - Bhavnagar (14),42,34533,17701,16832,19162,9789,9373,15371,7912,7459
482,District - Anand   (15),42,28732,14858,13874,20021,10382,9639,8711,4476,4235
483,District - Kheda (16),42,30606,15693,14913,23837,12242,11595,6769,3451,3318
484,District - Panch Mahals (17),42,28739,14775,13964,24232,12527,11705,4507,2248,2259
485,District - Dohad   (18),42,20253,10258,9995,17969,9182,8787,2284,1076,1208
486,District - Vadodara (19),42,57984,29451,28533,28510,14353,14157,29474,15098,14376
487,District - Narmada (20),42,8034,4012,4022,7163,3597,3566,871,415,456
488,District - Bharuch (21),42,21954,11365,10589,14402,7390,7012,7552,3975,3577
489,District - The Dangs (22),42,2542,1234,1308,2264,1094,1170,278,140,138
490,District - Navsari   (23),42,20350,10296,10054,14557,7329,7228,5793,2967,2826
491,District - Valsad (24),42,23028,11961,11067,14645,7327,7318,8383,4634,3749
492,District - Surat (25),42,76540,41924,34616,17778,8981,8797,58762,32943,25819
493,District - Tapi (26),42,12068,5849,6219,10964,5290,5674,1104,559,545
468,District - Kachchh (01),43,16794,8183,8611,10136,4771,5365,6658,3412,3246
469,District - Banas Kantha (02),43,25923,10989,14934,22139,9177,12962,3784,1812,1972
470,District - Patan   (03),43,12309,5415,6894,9445,3998,5447,2864,1417,1447
471,District - Mahesana (04),43,20721,9603,11118,15050,6893,8157,5671,2710,2961
472,District - Sabar Kantha (05),43,23918,10695,13223,20142,8918,11224,3776,1777,1999
473,District - Gandhinagar (06),43,13865,6639,7226,7465,3478,3987,6400,3161,3239
474,District - Ahmadabad (07),43,71386,35840,35546,10221,4570,5651,61165,31270,29895
475,District - Surendranagar (08),43,16258,7392,8866,11496,5093,6403,4762,2299,2463
476,District - Rajkot (09),43,38904,18567,20337,16231,7456,8775,22673,11111,11562
477,District - Jamnagar (10),43,19767,9226,10541,10981,4858,6123,8786,4368,4418
478,District - Porbandar  (11),43,5759,2737,3022,2980,1390,1590,2779,1347,1432
479,District - Junagadh (12),43,27763,12914,14849,18700,8461,10239,9063,4453,4610
480,District - Amreli (13),43,14554,6357,8197,10856,4606,6250,3698,1751,1947
481,District - Bhavnagar (14),43,25722,11688,14034,14824,6342,8482,10898,5346,5552
482,District - Anand   (15),43,21442,10422,11020,14697,7058,7639,6745,3364,3381
483,District - Kheda (16),43,23029,10740,12289,17726,8102,9624,5303,2638,2665
484,District - Panch Mahals (17),43,21867,9584,12283,18388,7872,10516,3479,1712,1767
485,District - Dohad   (18),43,16162,6826,9336,14390,5966,8424,1772,860,912
486,District - Vadodara (19),43,45397,21379,24018,21634,9626,12008,23763,11753,12010
487,District - Narmada (20),43,5982,2806,3176,5323,2476,2847,659,330,329
488,District - Bharuch (21),43,16859,8461,8398,10765,5329,5436,6094,3132,2962
489,District - The Dangs (22),43,1883,831,1052,1688,736,952,195,95,100
490,District - Navsari   (23),43,15686,7723,7963,11216,5541,5675,4470,2182,2288
491,District - Valsad (24),43,17612,8739,8873,11192,5345,5847,6420,3394,3026
492,District - Surat (25),43,55580,28993,26587,12868,6260,6608,42712,22733,19979
493,District - Tapi (26),43,9407,4197,5210,8568,3799,4769,839,398,441
468,District - Kachchh (01),44,16494,8616,7878,9195,4717,4478,7299,3899,3400
469,District - Banas Kantha (02),44,23512,11115,12397,19801,9208,10593,3711,1907,1804
470,District - Patan   (03),44,11790,5762,6028,8831,4251,4580,2959,1511,1448
471,District - Mahesana (04),44,20301,10109,10192,14178,7023,7155,6123,3086,3037
472,District - Sabar Kantha (05),44,23652,11319,12333,19777,9327,10450,3875,1992,1883
473,District - Gandhinagar (06),44,14556,7434,7122,7456,3822,3634,7100,3612,3488
474,District - Ahmadabad (07),44,78388,40368,38020,10099,5164,4935,68289,35204,33085
475,District - Surendranagar (08),44,15639,7664,7975,10627,5132,5495,5012,2532,2480
476,District - Rajkot (09),44,38398,19097,19301,15326,7581,7745,23072,11516,11556
477,District - Jamnagar (10),44,19852,9901,9951,10341,5016,5325,9511,4885,4626
478,District - Porbandar  (11),44,5584,2922,2662,2702,1365,1337,2882,1557,1325
479,District - Junagadh (12),44,27078,13373,13705,17392,8563,8829,9686,4810,4876
480,District - Amreli (13),44,14374,7155,7219,10400,5146,5254,3974,2009,1965
481,District - Bhavnagar (14),44,25141,12456,12685,13479,6475,7004,11662,5981,5681
482,District - Anand   (15),44,21480,10810,10670,14301,7215,7086,7179,3595,3584
483,District - Kheda (16),44,23884,11883,12001,18165,9043,9122,5719,2840,2879
484,District - Panch Mahals (17),44,21651,10053,11598,18243,8340,9903,3408,1713,1695
485,District - Dohad   (18),44,16233,6937,9296,14416,6066,8350,1817,871,946
486,District - Vadodara (19),44,48396,24587,23809,22545,11362,11183,25851,13225,12626
487,District - Narmada (20),44,6378,3216,3162,5708,2863,2845,670,353,317
488,District - Bharuch (21),44,17939,9227,8712,11342,5783,5559,6597,3444,3153
489,District - The Dangs (22),44,2113,975,1138,1880,862,1018,233,113,120
490,District - Navsari   (23),44,16119,8081,8038,11432,5732,5700,4687,2349,2338
491,District - Valsad (24),44,18647,9821,8826,11449,5802,5647,7198,4019,3179
492,District - Surat (25),44,58991,31865,27126,13296,6603,6693,45695,25262,20433
493,District - Tapi (26),44,10157,4736,5421,9162,4273,4889,995,463,532
468,District - Kachchh (01),45,35820,19385,16435,23018,12579,10439,12802,6806,5996
469,District - Banas Kantha (02),45,50058,28797,21261,42453,24898,17555,7605,3899,3706
470,District - Patan   (03),45,24716,13731,10985,19006,10847,8159,5710,2884,2826
471,District - Mahesana (04),45,40760,21894,18866,30955,16872,14083,9805,5022,4783
472,District - Sabar Kantha (05),45,42779,23473,19306,36054,20030,16024,6725,3443,3282
473,District - Gandhinagar (06),45,27094,14242,12852,15743,8473,7270,11351,5769,5582
474,District - Ahmadabad (07),45,129627,67186,62441,20868,11746,9122,108759,55440,53319
475,District - Surendranagar (08),45,29730,16497,13233,20319,11613,8706,9411,4884,4527
476,District - Rajkot (09),45,70985,38080,32905,28134,15634,12500,42851,22446,20405
477,District - Jamnagar (10),45,41252,22898,18354,21993,12631,9362,19259,10267,8992
478,District - Porbandar  (11),45,12217,6393,5824,6120,3351,2769,6097,3042,3055
479,District - Junagadh (12),45,52501,28868,23633,34559,19547,15012,17942,9321,8621
480,District - Amreli (13),45,29334,16504,12830,21684,12381,9303,7650,4123,3527
481,District - Bhavnagar (14),45,49092,27462,21630,26880,15643,11237,22212,11819,10393
482,District - Anand   (15),45,39826,20998,18828,28352,15193,13159,11474,5805,5669
483,District - Kheda (16),45,42215,23126,19089,32982,18446,14536,9233,4680,4553
484,District - Panch Mahals (17),45,38792,22221,16571,33032,19257,13775,5760,2964,2796
485,District - Dohad   (18),45,27389,16229,11160,24207,14626,9581,3182,1603,1579
486,District - Vadodara (19),45,77698,42052,35646,39599,22752,16847,38099,19300,18799
487,District - Narmada (20),45,10894,6065,4829,9582,5436,4146,1312,629,683
488,District - Bharuch (21),45,28632,15216,13416,19066,10190,8876,9566,5026,4540
489,District - The Dangs (22),45,3508,1844,1664,3119,1650,1469,389,194,195
490,District - Navsari   (23),45,24119,12210,11909,16964,8646,8318,7155,3564,3591
491,District - Valsad (24),45,29547,15836,13711,18850,9944,8906,10697,5892,4805
492,District - Surat (25),45,102540,57156,45384,22928,12182,10746,79612,44974,34638
493,District - Tapi (26),45,15635,8244,7391,14195,7558,6637,1440,686,754
468,District - Kachchh (01),46,17595,9243,8352,10538,5551,4987,7057,3692,3365
469,District - Banas Kantha (02),46,23660,12364,11296,19912,10387,9525,3748,1977,1771
470,District - Patan   (03),46,11617,5990,5627,8659,4468,4191,2958,1522,1436
471,District - Mahesana (04),46,20110,10385,9725,14130,7293,6837,5980,3092,2888
472,District - Sabar Kantha (05),46,23376,11949,11427,19412,9871,9541,3964,2078,1886
473,District - Gandhinagar (06),46,14258,7327,6931,7461,3940,3521,6797,3387,3410
474,District - Ahmadabad (07),46,79108,40872,38236,10228,5416,4812,68880,35456,33424
475,District - Surendranagar (08),46,16458,8714,7744,10987,5871,5116,5471,2843,2628
476,District - Rajkot (09),46,41210,21622,19588,16043,8477,7566,25167,13145,12022
477,District - Jamnagar (10),46,21293,11314,9979,11008,5824,5184,10285,5490,4795
478,District - Porbandar  (11),46,6492,3394,3098,3294,1691,1603,3198,1703,1495
479,District - Junagadh (12),46,28086,14660,13426,17901,9367,8534,10185,5293,4892
480,District - Amreli (13),46,13950,7298,6652,10268,5386,4882,3682,1912,1770
481,District - Bhavnagar (14),46,25615,13467,12148,13756,7167,6589,11859,6300,5559
482,District - Anand   (15),46,22273,11677,10596,15025,7968,7057,7248,3709,3539
483,District - Kheda (16),46,22888,11837,11051,17119,8867,8252,5769,2970,2799
484,District - Panch Mahals (17),46,22073,11651,10422,18425,9746,8679,3648,1905,1743
485,District - Dohad   (18),46,16867,8850,8017,14807,7778,7029,2060,1072,988
486,District - Vadodara (19),46,46036,23826,22210,20825,10948,9877,25211,12878,12333
487,District - Narmada (20),46,5990,3057,2933,5243,2699,2544,747,358,389
488,District - Bharuch (21),46,17944,9558,8386,11636,6193,5443,6308,3365,2943
489,District - The Dangs (22),46,2134,1102,1032,1926,987,939,208,115,93
490,District - Navsari   (23),46,16084,8030,8054,11208,5596,5612,4876,2434,2442
491,District - Valsad (24),46,18026,9719,8307,11207,5930,5277,6819,3789,3030
492,District - Surat (25),46,57778,31727,26051,12968,6673,6295,44810,25054,19756
493,District - Tapi (26),46,9773,4914,4859,8855,4435,4420,918,479,439
468,District - Kachchh (01),47,14055,7141,6914,8119,3993,4126,5936,3148,2788
469,District - Banas Kantha (02),47,18682,9064,9618,15499,7407,8092,3183,1657,1526
470,District - Patan   (03),47,9684,4748,4936,7106,3461,3645,2578,1287,1291
471,District - Mahesana (04),47,17585,8756,8829,12181,6046,6135,5404,2710,2694
472,District - Sabar Kantha (05),47,20399,10247,10152,16867,8427,8440,3532,1820,1712
473,District - Gandhinagar (06),47,12172,6222,5950,6157,3150,3007,6015,3072,2943
474,District - Ahmadabad (07),47,67905,34742,33163,8150,4077,4073,59755,30665,29090
475,District - Surendranagar (08),47,13794,6966,6828,9150,4574,4576,4644,2392,2252
476,District - Rajkot (09),47,33939,17358,16581,13460,6798,6662,20479,10560,9919
477,District - Jamnagar (10),47,16606,8602,8004,8687,4396,4291,7919,4206,3713
478,District - Porbandar  (11),47,4900,2552,2348,2376,1220,1156,2524,1332,1192
479,District - Junagadh (12),47,23603,12156,11447,15099,7737,7362,8504,4419,4085
480,District - Amreli (13),47,11848,5923,5925,8460,4224,4236,3388,1699,1689
481,District - Bhavnagar (14),47,20920,10554,10366,10983,5418,5565,9937,5136,4801
482,District - Anand   (15),47,18818,9490,9328,12189,6110,6079,6629,3380,3249
483,District - Kheda (16),47,19541,9709,9832,14398,7090,7308,5143,2619,2524
484,District - Panch Mahals (17),47,17777,8861,8916,14641,7193,7448,3136,1668,1468
485,District - Dohad   (18),47,12989,6033,6956,11277,5187,6090,1712,846,866
486,District - Vadodara (19),47,40075,20064,20011,17540,8537,9003,22535,11527,11008
487,District - Narmada (20),47,4973,2465,2508,4333,2148,2185,640,317,323
488,District - Bharuch (21),47,14748,7711,7037,9358,4863,4495,5390,2848,2542
489,District - The Dangs (22),47,1824,911,913,1624,811,813,200,100,100
490,District - Navsari   (23),47,14302,7150,7152,9969,4948,5021,4333,2202,2131
491,District - Valsad (24),47,14585,7408,7177,9226,4533,4693,5359,2875,2484
492,District - Surat (25),47,47604,25337,22267,11181,5576,5605,36423,19761,16662
493,District - Tapi (26),47,8746,4240,4506,7953,3824,4129,793,416,377
468,District - Kachchh (01),48,18852,8881,9971,11770,5334,6436,7082,3547,3535
469,District - Banas Kantha (02),48,31066,13000,18066,26868,11011,15857,4198,1989,2209
470,District - Patan   (03),48,14752,6381,8371,11466,4741,6725,3286,1640,1646
471,District - Mahesana (04),48,23926,11065,12861,17621,8010,9611,6305,3055,3250
472,District - Sabar Kantha (05),48,29323,13114,16209,25105,11050,14055,4218,2064,2154
473,District - Gandhinagar (06),48,15576,7320,8256,8501,3841,4660,7075,3479,3596
474,District - Ahmadabad (07),48,77931,38304,39627,11842,5306,6536,66089,32998,33091
475,District - Surendranagar (08),48,19142,8710,10432,13432,5926,7506,5710,2784,2926
476,District - Rajkot (09),48,42718,20250,22468,18254,8212,10042,24464,12038,12426
477,District - Jamnagar (10),48,22047,10017,12030,12671,5394,7277,9376,4623,4753
478,District - Porbandar  (11),48,6121,2925,3196,3164,1448,1716,2957,1477,1480
479,District - Junagadh (12),48,30663,14243,16420,20709,9367,11342,9954,4876,5078
480,District - Amreli (13),48,16866,7364,9502,12810,5464,7346,4056,1900,2156
481,District - Bhavnagar (14),48,29286,13310,15976,17004,7297,9707,12282,6013,6269
482,District - Anand   (15),48,24659,11893,12766,17223,8246,8977,7436,3647,3789
483,District - Kheda (16),48,26354,12283,14071,20450,9386,11064,5904,2897,3007
484,District - Panch Mahals (17),48,26156,11495,14661,22498,9641,12857,3658,1854,1804
485,District - Dohad   (18),48,19942,8692,11250,17872,7710,10162,2070,982,1088
486,District - Vadodara (19),48,49497,23572,25925,24728,11194,13534,24769,12378,12391
487,District - Narmada (20),48,6451,3050,3401,5718,2679,3039,733,371,362
488,District - Bharuch (21),48,17215,8755,8460,11463,5630,5833,5752,3125,2627
489,District - The Dangs (22),48,2583,1136,1447,2318,1010,1308,265,126,139
490,District - Navsari   (23),48,16756,8018,8738,11971,5630,6341,4785,2388,2397
491,District - Valsad (24),48,18292,9046,9246,12175,5808,6367,6117,3238,2879
492,District - Surat (25),48,55361,28760,26601,14052,6642,7410,41309,22118,19191
493,District - Tapi (26),48,10870,5116,5754,9958,4686,5272,912,430,482
468,District - Kachchh (01),49,13214,6919,6295,7451,3823,3628,5763,3096,2667
469,District - Banas Kantha (02),49,16710,8000,8710,13840,6476,7364,2870,1524,1346
470,District - Patan   (03),49,8746,4449,4297,6354,3148,3206,2392,1301,1091
471,District - Mahesana (04),49,15483,7976,7507,10448,5341,5107,5035,2635,2400
472,District - Sabar Kantha (05),49,17926,9241,8685,14717,7554,7163,3209,1687,1522
473,District - Gandhinagar (06),49,11497,6054,5443,5483,2847,2636,6014,3207,2807
474,District - Ahmadabad (07),49,68341,35785,32556,7887,4040,3847,60454,31745,28709
475,District - Surendranagar (08),49,12688,6446,6242,8416,4207,4209,4272,2239,2033
476,District - Rajkot (09),49,32422,16652,15770,12449,6284,6165,19973,10368,9605
477,District - Jamnagar (10),49,16433,8448,7985,8150,4036,4114,8283,4412,3871
478,District - Porbandar  (11),49,4660,2460,2200,2172,1124,1048,2488,1336,1152
479,District - Junagadh (12),49,20942,10762,10180,13002,6539,6463,7940,4223,3717
480,District - Amreli (13),49,11476,5841,5635,8098,4114,3984,3378,1727,1651
481,District - Bhavnagar (14),49,20307,10352,9955,10513,5267,5246,9794,5085,4709
482,District - Anand   (15),49,17832,9425,8407,11492,6110,5382,6340,3315,3025
483,District - Kheda (16),49,19614,10226,9388,14372,7525,6847,5242,2701,2541
484,District - Panch Mahals (17),49,16741,8233,8508,13882,6661,7221,2859,1572,1287
485,District - Dohad   (18),49,13314,6009,7305,11675,5173,6502,1639,836,803
486,District - Vadodara (19),49,39736,20594,19142,17166,8816,8350,22570,11778,10792
487,District - Narmada (20),49,4781,2501,2280,4187,2187,2000,594,314,280
488,District - Bharuch (21),49,14623,7830,6793,9228,4869,4359,5395,2961,2434
489,District - The Dangs (22),49,1741,877,864,1556,777,779,185,100,85
490,District - Navsari   (23),49,13688,7036,6652,9363,4797,4566,4325,2239,2086
491,District - Valsad (24),49,15213,8032,7181,9580,4929,4651,5633,3103,2530
492,District - Surat (25),49,45805,25429,20376,10571,5486,5085,35234,19943,15291
493,District - Tapi (26),49,8147,4031,4116,7355,3633,3722,792,398,394
468,District - Kachchh (01),50,34497,18561,15936,22924,12491,10433,11573,6070,5503
469,District - Banas Kantha (02),50,48690,26797,21893,41807,23286,18521,6883,3511,3372
470,District - Patan   (03),50,24220,12898,11322,19029,10266,8763,5191,2632,2559
471,District - Mahesana (04),50,37911,19287,18624,29158,14866,14292,8753,4421,4332
472,District - Sabar Kantha (05),50,41977,21488,20489,35887,18518,17369,6090,2970,3120
473,District - Gandhinagar (06),50,24805,12424,12381,14628,7295,7333,10177,5129,5048
474,District - Ahmadabad (07),50,117177,60812,56365,19699,10663,9036,97478,50149,47329
475,District - Surendranagar (08),50,28184,15349,12835,19661,10956,8705,8523,4393,4130
476,District - Rajkot (09),50,65498,34401,31097,27911,14817,13094,37587,19584,18003
477,District - Jamnagar (10),50,38373,20702,17671,21263,11671,9592,17110,9031,8079
478,District - Porbandar  (11),50,11168,5631,5537,5677,2927,2750,5491,2704,2787
479,District - Junagadh (12),50,47469,24918,22551,32166,17197,14969,15303,7721,7582
480,District - Amreli (13),50,27494,14758,12736,20849,11283,9566,6645,3475,3170
481,District - Bhavnagar (14),50,43820,23352,20468,24632,13338,11294,19188,10014,9174
482,District - Anand   (15),50,35707,17665,18042,25908,12790,13118,9799,4875,4924
483,District - Kheda (16),50,38946,19772,19174,30439,15559,14880,8507,4213,4294
484,District - Panch Mahals (17),50,36404,19380,17024,31590,16939,14651,4814,2441,2373
485,District - Dohad   (18),50,25458,14487,10971,22665,13083,9582,2793,1404,1389
486,District - Vadodara (19),50,70114,36672,33442,36389,19663,16726,33725,17009,16716
487,District - Narmada (20),50,9224,4857,4367,8173,4333,3840,1051,524,527
488,District - Bharuch (21),50,24467,12449,12018,16698,8432,8266,7769,4017,3752
489,District - The Dangs (22),50,3260,1686,1574,2926,1531,1395,334,155,179
490,District - Navsari   (23),50,22325,11110,11215,15895,7851,8044,6430,3259,3171
491,District - Valsad (24),50,25471,13296,12175,16892,8711,8181,8579,4585,3994
492,District - Surat (25),50,80852,44037,36815,19587,10033,9554,61265,34004,27261
493,District - Tapi (26),50,14086,7262,6824,12752,6625,6127,1334,637,697
468,District - Kachchh (01),51,13352,7346,6006,7928,4365,3563,5424,2981,2443
469,District - Banas Kantha (02),51,15519,8585,6934,12842,7132,5710,2677,1453,1224
470,District - Patan   (03),51,8256,4551,3705,6033,3299,2734,2223,1252,971
471,District - Mahesana (04),51,14102,7698,6404,9646,5273,4373,4456,2425,2031
472,District - Sabar Kantha (05),51,16004,8864,7140,12947,7216,5731,3057,1648,1409
473,District - Gandhinagar (06),51,10543,5801,4742,5303,2919,2384,5240,2882,2358
474,District - Ahmadabad (07),51,64887,35246,29641,7673,4319,3354,57214,30927,26287
475,District - Surendranagar (08),51,11934,6669,5265,7724,4311,3413,4210,2358,1852
476,District - Rajkot (09),51,32910,18191,14719,12590,7041,5549,20320,11150,9170
477,District - Jamnagar (10),51,16437,9316,7121,8332,4704,3628,8105,4612,3493
478,District - Porbandar  (11),51,5147,2889,2258,2571,1460,1111,2576,1429,1147
479,District - Junagadh (12),51,20024,11262,8762,12525,6989,5536,7499,4273,3226
480,District - Amreli (13),51,10445,5787,4658,7556,4175,3381,2889,1612,1277
481,District - Bhavnagar (14),51,19817,10935,8882,10343,5770,4573,9474,5165,4309
482,District - Anand   (15),51,17333,9298,8035,11188,5996,5192,6145,3302,2843
483,District - Kheda (16),51,18114,9813,8301,12995,7088,5907,5119,2725,2394
484,District - Panch Mahals (17),51,15893,8568,7325,13100,7062,6038,2793,1506,1287
485,District - Dohad   (18),51,11925,6323,5602,10318,5487,4831,1607,836,771
486,District - Vadodara (19),51,36370,19604,16766,15324,8350,6974,21046,11254,9792
487,District - Narmada (20),51,4227,2339,1888,3667,2006,1661,560,333,227
488,District - Bharuch (21),51,13295,7321,5974,8519,4637,3882,4776,2684,2092
489,District - The Dangs (22),51,1645,862,783,1480,780,700,165,82,83
490,District - Navsari   (23),51,13086,6812,6274,8937,4625,4312,4149,2187,1962
491,District - Valsad (24),51,13364,7306,6058,8458,4527,3931,4906,2779,2127
492,District - Surat (25),51,42012,23669,18343,9737,5125,4612,32275,18544,13731
493,District - Tapi (26),51,6954,3604,3350,6247,3226,3021,707,378,329
468,District - Kachchh (01),52,14089,7695,6394,8641,4699,3942,5448,2996,2452
469,District - Banas Kantha (02),52,19912,10206,9706,16865,8609,8256,3047,1597,1450
470,District - Patan   (03),52,10325,5372,4953,7869,4080,3789,2456,1292,1164
471,District - Mahesana (04),52,17840,9185,8655,13094,6571,6523,4746,2614,2132
472,District - Sabar Kantha (05),52,21052,10561,10491,17834,8864,8970,3218,1697,1521
473,District - Gandhinagar (06),52,11860,6103,5757,6388,3206,3182,5472,2897,2575
474,District - Ahmadabad (07),52,61994,32922,29072,8600,4360,4240,53394,28562,24832
475,District - Surendranagar (08),52,14130,7555,6575,9670,5094,4576,4460,2461,1999
476,District - Rajkot (09),52,33872,18159,15713,14217,7628,6589,19655,10531,9124
477,District - Jamnagar (10),52,16719,8986,7733,9214,4844,4370,7505,4142,3363
478,District - Porbandar  (11),52,4931,2620,2311,2507,1305,1202,2424,1315,1109
479,District - Junagadh (12),52,23009,12099,10910,15230,7972,7258,7779,4127,3652
480,District - Amreli (13),52,12656,6757,5899,9510,5027,4483,3146,1730,1416
481,District - Bhavnagar (14),52,21802,11525,10277,12310,6387,5923,9492,5138,4354
482,District - Anand   (15),52,19862,10350,9512,13730,7136,6594,6132,3214,2918
483,District - Kheda (16),52,20067,10252,9815,15426,7827,7599,4641,2425,2216
484,District - Panch Mahals (17),52,18684,9574,9110,15990,8132,7858,2694,1442,1252
485,District - Dohad   (18),52,12993,6635,6358,11400,5819,5581,1593,816,777
486,District - Vadodara (19),52,38629,19914,18715,18013,8948,9065,20616,10966,9650
487,District - Narmada (20),52,4742,2380,2362,4134,2054,2080,608,326,282
488,District - Bharuch (21),52,13466,7000,6466,9128,4626,4502,4338,2374,1964
489,District - The Dangs (22),52,1902,928,974,1718,836,882,184,92,92
490,District - Navsari   (23),52,13952,7250,6702,10004,5096,4908,3948,2154,1794
491,District - Valsad (24),52,13988,7441,6547,9360,4878,4482,4628,2563,2065
492,District - Surat (25),52,40496,21885,18611,10858,5362,5496,29638,16523,13115
493,District - Tapi (26),52,7881,3893,3988,7134,3494,3640,747,399,348
468,District - Kachchh (01),53,10312,5248,5064,6091,2961,3130,4221,2287,1934
469,District - Banas Kantha (02),53,14738,6243,8495,12529,5089,7440,2209,1154,1055
470,District - Patan   (03),53,7563,3425,4138,5760,2486,3274,1803,939,864
471,District - Mahesana (04),53,12824,6138,6686,9267,4333,4934,3557,1805,1752
472,District - Sabar Kantha (05),53,15760,7071,8689,13184,5696,7488,2576,1375,1201
473,District - Gandhinagar (06),53,8710,4483,4227,4314,2053,2261,4396,2430,1966
474,District - Ahmadabad (07),53,50403,26609,23794,6358,2954,3404,44045,23655,20390
475,District - Surendranagar (08),53,11130,5211,5919,7576,3337,4239,3554,1874,1680
476,District - Rajkot (09),53,26123,13007,13116,10949,5043,5906,15174,7964,7210
477,District - Jamnagar (10),53,12776,6325,6451,7122,3244,3878,5654,3081,2573
478,District - Porbandar  (11),53,3553,1842,1711,1796,886,910,1757,956,801
479,District - Junagadh (12),53,16948,7982,8966,11171,4939,6232,5777,3043,2734
480,District - Amreli (13),53,9202,4243,4959,6970,3047,3923,2232,1196,1036
481,District - Bhavnagar (14),53,16709,7889,8820,9296,3977,5319,7413,3912,3501
482,District - Anand   (15),53,14443,7193,7250,9524,4603,4921,4919,2590,2329
483,District - Kheda (16),53,15376,7291,8085,11399,5165,6234,3977,2126,1851
484,District - Panch Mahals (17),53,14241,6317,7924,11884,5042,6842,2357,1275,1082
485,District - Dohad   (18),53,10262,4338,5924,8989,3641,5348,1273,697,576
486,District - Vadodara (19),53,31318,15455,15863,13768,6146,7622,17550,9309,8241
487,District - Narmada (20),53,3520,1650,1870,3079,1381,1698,441,269,172
488,District - Bharuch (21),53,10457,5431,5026,6818,3382,3436,3639,2049,1590
489,District - The Dangs (22),53,1468,682,786,1325,592,733,143,90,53
490,District - Navsari   (23),53,11138,5693,5445,7694,3892,3802,3444,1801,1643
491,District - Valsad (24),53,10860,5632,5228,6968,3483,3485,3892,2149,1743
492,District - Surat (25),53,31905,17147,14758,8264,4017,4247,23641,13130,10511
493,District - Tapi (26),53,6292,2957,3335,5635,2590,3045,657,367,290
468,District - Kachchh (01),54,10530,5614,4916,5755,3016,2739,4775,2598,2177
469,District - Banas Kantha (02),54,13658,6345,7313,11299,5052,6247,2359,1293,1066
470,District - Patan   (03),54,7430,3712,3718,5394,2623,2771,2036,1089,947
471,District - Mahesana (04),54,13915,7297,6618,9713,5072,4641,4202,2225,1977
472,District - Sabar Kantha (05),54,15997,7905,8092,13288,6483,6805,2709,1422,1287
473,District - Gandhinagar (06),54,9781,5150,4631,4853,2470,2383,4928,2680,2248
474,District - Ahmadabad (07),54,56565,30145,26420,6666,3405,3261,49899,26740,23159
475,District - Surendranagar (08),54,10397,5229,5168,6708,3238,3470,3689,1991,1698
476,District - Rajkot (09),54,26452,13728,12724,10259,5106,5153,16193,8622,7571
477,District - Jamnagar (10),54,12757,6467,6290,6279,3047,3232,6478,3420,3058
478,District - Porbandar  (11),54,3724,1894,1830,1771,877,894,1953,1017,936
479,District - Junagadh (12),54,16586,8488,8098,10403,5145,5258,6183,3343,2840
480,District - Amreli (13),54,9185,4655,4530,6570,3248,3322,2615,1407,1208
481,District - Bhavnagar (14),54,16251,8266,7985,8186,3940,4246,8065,4326,3739
482,District - Anand   (15),54,15630,8200,7430,10046,5211,4835,5584,2989,2595
483,District - Kheda (16),54,16703,8506,8197,12259,6201,6058,4444,2305,2139
484,District - Panch Mahals (17),54,14630,6865,7765,12280,5593,6687,2350,1272,1078
485,District - Dohad   (18),54,10637,4576,6061,9290,3868,5422,1347,708,639
486,District - Vadodara (19),54,34470,17708,16762,14772,7409,7363,19698,10299,9399
487,District - Narmada (20),54,3999,2008,1991,3497,1720,1777,502,288,214
488,District - Bharuch (21),54,11846,6330,5516,7809,4080,3729,4037,2250,1787
489,District - The Dangs (22),54,1527,740,787,1377,659,718,150,81,69
490,District - Navsari   (23),54,11610,5975,5635,8084,4090,3994,3526,1885,1641
491,District - Valsad (24),54,11772,6152,5620,7398,3770,3628,4374,2382,1992
492,District - Surat (25),54,34318,18507,15811,8921,4424,4497,25397,14083,11314
493,District - Tapi (26),54,6737,3352,3385,6028,2988,3040,709,364,345
468,District - Kachchh (01),55,22079,11290,10789,14545,7487,7058,7534,3803,3731
469,District - Banas Kantha (02),55,32882,17783,15099,28137,15449,12688,4745,2334,2411
470,District - Patan   (03),55,16335,8434,7901,12704,6679,6025,3631,1755,1876
471,District - Mahesana (04),55,26820,13165,13655,20621,10071,10550,6199,3094,3105
472,District - Sabar Kantha (05),55,29899,15384,14515,25468,13195,12273,4431,2189,2242
473,District - Gandhinagar (06),55,17402,8652,8750,10235,5027,5208,7167,3625,3542
474,District - Ahmadabad (07),55,84346,43138,41208,13638,7099,6539,70708,36039,34669
475,District - Surendranagar (08),55,19985,10830,9155,13842,7731,6111,6143,3099,3044
476,District - Rajkot (09),55,47051,24632,22419,19924,10738,9186,27127,13894,13233
477,District - Jamnagar (10),55,26005,13852,12153,14427,7933,6494,11578,5919,5659
478,District - Porbandar  (11),55,7868,3955,3913,3953,2077,1876,3915,1878,2037
479,District - Junagadh (12),55,34100,17804,16296,23191,12409,10782,10909,5395,5514
480,District - Amreli (13),55,20344,10747,9597,15439,8225,7214,4905,2522,2383
481,District - Bhavnagar (14),55,31853,17044,14809,18265,10117,8148,13588,6927,6661
482,District - Anand   (15),55,27370,13783,13587,19339,9761,9578,8031,4022,4009
483,District - Kheda (16),55,28381,14683,13698,22101,11543,10558,6280,3140,3140
484,District - Panch Mahals (17),55,25586,13808,11778,22031,12046,9985,3555,1762,1793
485,District - Dohad   (18),55,17723,10290,7433,15664,9262,6402,2059,1028,1031
486,District - Vadodara (19),55,52387,27063,25324,26662,14245,12417,25725,12818,12907
487,District - Narmada (20),55,6721,3546,3175,6010,3190,2820,711,356,355
488,District - Bharuch (21),55,17782,9062,8720,12383,6293,6090,5399,2769,2630
489,District - The Dangs (22),55,2376,1277,1099,2104,1139,965,272,138,134
490,District - Navsari   (23),55,16689,8287,8402,11878,5857,6021,4811,2430,2381
491,District - Valsad (24),55,18080,9159,8921,12242,6137,6105,5838,3022,2816
492,District - Surat (25),55,55335,29165,26170,14439,7176,7263,40896,21989,18907
493,District - Tapi (26),55,10214,5298,4916,9217,4810,4407,997,488,509
468,District - Kachchh (01),56,10375,5554,4821,6282,3331,2951,4093,2223,1870
469,District - Banas Kantha (02),56,13637,7079,6558,11365,5854,5511,2272,1225,1047
470,District - Patan   (03),56,7471,3785,3686,5526,2780,2746,1945,1005,940
471,District - Mahesana (04),56,13571,7161,6410,9644,5046,4598,3927,2115,1812
472,District - Sabar Kantha (05),56,15549,8022,7527,13023,6715,6308,2526,1307,1219
473,District - Gandhinagar (06),56,9040,4761,4279,4654,2360,2294,4386,2401,1985
474,District - Ahmadabad (07),56,53509,28574,24935,6478,3346,3132,47031,25228,21803
475,District - Surendranagar (08),56,10159,5472,4687,6751,3618,3133,3408,1854,1554
476,District - Rajkot (09),56,26325,14034,12291,10457,5564,4893,15868,8470,7398
477,District - Jamnagar (10),56,13188,7064,6124,7012,3736,3276,6176,3328,2848
478,District - Porbandar  (11),56,4093,2187,1906,2063,1067,996,2030,1120,910
479,District - Junagadh (12),56,17100,9071,8029,10941,5740,5201,6159,3331,2828
480,District - Amreli (13),56,8998,4715,4283,6709,3503,3206,2289,1212,1077
481,District - Bhavnagar (14),56,16011,8441,7570,8613,4520,4093,7398,3921,3477
482,District - Anand   (15),56,15576,8155,7421,10136,5320,4816,5440,2835,2605
483,District - Kheda (16),56,15662,8070,7592,11539,5916,5623,4123,2154,1969
484,District - Panch Mahals (17),56,14751,7647,7104,12375,6387,5988,2376,1260,1116
485,District - Dohad   (18),56,10469,5534,4935,9159,4825,4334,1310,709,601
486,District - Vadodara (19),56,31645,16695,14950,13666,7074,6592,17979,9621,8358
487,District - Narmada (20),56,3807,1966,1841,3378,1748,1630,429,218,211
488,District - Bharuch (21),56,11172,5945,5227,7507,3897,3610,3665,2048,1617
489,District - The Dangs (22),56,1508,823,685,1360,741,619,148,82,66
490,District - Navsari   (23),56,11009,5561,5448,7666,3856,3810,3343,1705,1638
491,District - Valsad (24),56,11098,5642,5456,7271,3635,3636,3827,2007,1820
492,District - Surat (25),56,31986,17321,14665,8433,4205,4228,23553,13116,10437
493,District - Tapi (26),56,5953,3118,2835,5313,2762,2551,640,356,284
468,District - Kachchh (01),57,7442,3895,3547,4392,2212,2180,3050,1683,1367
469,District - Banas Kantha (02),57,10305,4796,5509,8633,3891,4742,1672,905,767
470,District - Patan   (03),57,5870,2825,3045,4391,2071,2320,1479,754,725
471,District - Mahesana (04),57,10553,5369,5184,7519,3804,3715,3034,1565,1469
472,District - Sabar Kantha (05),57,12436,6250,6186,10384,5169,5215,2052,1081,971
473,District - Gandhinagar (06),57,6999,3706,3293,3533,1773,1760,3466,1933,1533
474,District - Ahmadabad (07),57,41633,22256,19377,4913,2330,2583,36720,19926,16794
475,District - Surendranagar (08),57,7858,3898,3960,5195,2434,2761,2663,1464,1199
476,District - Rajkot (09),57,19572,10236,9336,8021,3958,4063,11551,6278,5273
477,District - Jamnagar (10),57,9192,4625,4567,4859,2276,2583,4333,2349,1984
478,District - Porbandar  (11),57,2881,1485,1396,1388,661,727,1493,824,669
479,District - Junagadh (12),57,13133,6706,6427,8467,4148,4319,4666,2558,2108
480,District - Amreli (13),57,7141,3542,3599,5381,2632,2749,1760,910,850
481,District - Bhavnagar (14),57,12202,6101,6101,6564,3030,3534,5638,3071,2567
482,District - Anand   (15),57,11844,6128,5716,7532,3866,3666,4312,2262,2050
483,District - Kheda (16),57,12237,6019,6218,8862,4267,4595,3375,1752,1623
484,District - Panch Mahals (17),57,10883,5187,5696,9128,4233,4895,1755,954,801
485,District - Dohad   (18),57,7471,3442,4029,6510,2920,3590,961,522,439
486,District - Vadodara (19),57,25664,13072,12592,10807,5136,5671,14857,7936,6921
487,District - Narmada (20),57,2860,1439,1421,2503,1217,1286,357,222,135
488,District - Bharuch (21),57,8565,4481,4084,5681,2907,2774,2884,1574,1310
489,District - The Dangs (22),57,1162,588,574,1061,535,526,101,53,48
490,District - Navsari   (23),57,9095,4622,4473,6333,3139,3194,2762,1483,1279
491,District - Valsad (24),57,8647,4429,4218,5611,2771,2840,3036,1658,1378
492,District - Surat (25),57,23920,12777,11143,6499,3186,3313,17421,9591,7830
493,District - Tapi (26),57,4853,2312,2541,4363,2013,2350,490,299,191
468,District - Kachchh (01),58,9923,4548,5375,6213,2603,3610,3710,1945,1765
469,District - Banas Kantha (02),58,17542,6336,11206,15325,5318,10007,2217,1018,1199
470,District - Patan   (03),58,8768,3538,5230,6930,2597,4333,1838,941,897
471,District - Mahesana (04),58,14269,6291,7978,10780,4584,6196,3489,1707,1782
472,District - Sabar Kantha (05),58,17866,7204,10662,15556,6126,9430,2310,1078,1232
473,District - Gandhinagar (06),58,8811,4057,4754,4959,2129,2830,3852,1928,1924
474,District - Ahmadabad (07),58,47048,23838,23210,7074,2948,4126,39974,20890,19084
475,District - Surendranagar (08),58,11355,4721,6634,8151,3175,4976,3204,1546,1658
476,District - Rajkot (09),58,25263,11448,13815,11486,4682,6804,13777,6766,7011
477,District - Jamnagar (10),58,13053,5625,7428,7807,3012,4795,5246,2613,2633
478,District - Porbandar  (11),58,3757,1768,1989,2034,881,1153,1723,887,836
479,District - Junagadh (12),58,18004,7778,10226,12528,5009,7519,5476,2769,2707
480,District - Amreli (13),58,10560,4184,6376,8230,3097,5133,2330,1087,1243
481,District - Bhavnagar (14),58,16823,7132,9691,10257,3875,6382,6566,3257,3309
482,District - Anand   (15),58,15035,7029,8006,10310,4576,5734,4725,2453,2272
483,District - Kheda (16),58,16639,7321,9318,12763,5377,7386,3876,1944,1932
484,District - Panch Mahals (17),58,16587,6697,9890,14536,5636,8900,2051,1061,990
485,District - Dohad   (18),58,11854,4688,7166,10615,4072,6543,1239,616,623
486,District - Vadodara (19),58,31372,14824,16548,15165,6321,8844,16207,8503,7704
487,District - Narmada (20),58,3873,1667,2206,3492,1481,2011,381,186,195
488,District - Bharuch (21),58,10378,5074,5304,7188,3346,3842,3190,1728,1462
489,District - The Dangs (22),58,1464,696,768,1342,632,710,122,64,58
490,District - Navsari   (23),58,10773,5005,5768,7681,3431,4250,3092,1574,1518
491,District - Valsad (24),58,10789,5196,5593,7303,3370,3933,3486,1826,1660
492,District - Surat (25),58,28410,14398,14012,8611,3942,4669,19799,10456,9343
493,District - Tapi (26),58,6243,2765,3478,5717,2466,3251,526,299,227
468,District - Kachchh (01),59,7271,3769,3502,3989,1939,2050,3282,1830,1452
469,District - Banas Kantha (02),59,9624,4459,5165,8023,3587,4436,1601,872,729
470,District - Patan   (03),59,5574,2812,2762,4098,2013,2085,1476,799,677
471,District - Mahesana (04),59,9683,5008,4675,6616,3407,3209,3067,1601,1466
472,District - Sabar Kantha (05),59,11538,5849,5689,9520,4809,4711,2018,1040,978
473,District - Gandhinagar (06),59,6901,3516,3385,3561,1751,1810,3340,1765,1575
474,District - Ahmadabad (07),59,42988,23001,19987,5051,2485,2566,37937,20516,17421
475,District - Surendranagar (08),59,7545,3780,3765,4799,2316,2483,2746,1464,1282
476,District - Rajkot (09),59,19386,10023,9363,7509,3662,3847,11877,6361,5516
477,District - Jamnagar (10),59,10153,4972,5181,5061,2331,2730,5092,2641,2451
478,District - Porbandar  (11),59,2853,1439,1414,1344,619,725,1509,820,689
479,District - Junagadh (12),59,12264,6094,6170,7754,3706,4048,4510,2388,2122
480,District - Amreli (13),59,7234,3462,3772,5289,2430,2859,1945,1032,913
481,District - Bhavnagar (14),59,12492,6284,6208,6602,3141,3461,5890,3143,2747
482,District - Anand   (15),59,11117,5721,5396,6903,3499,3404,4214,2222,1992
483,District - Kheda (16),59,12739,6336,6403,9173,4521,4652,3566,1815,1751
484,District - Panch Mahals (17),59,10937,5169,5768,9312,4307,5005,1625,862,763
485,District - Dohad   (18),59,7872,3412,4460,6858,2860,3998,1014,552,462
486,District - Vadodara (19),59,25989,13279,12710,11150,5411,5739,14839,7868,6971
487,District - Narmada (20),59,2974,1478,1496,2654,1305,1349,320,173,147
488,District - Bharuch (21),59,9222,4758,4464,6143,3135,3008,3079,1623,1456
489,District - The Dangs (22),59,925,453,472,844,417,427,81,36,45
490,District - Navsari   (23),59,9035,4499,4536,6345,3096,3249,2690,1403,1287
491,District - Valsad (24),59,9228,4701,4527,5923,2957,2966,3305,1744,1561
492,District - Surat (25),59,24435,12913,11522,6701,3262,3439,17734,9651,8083
493,District - Tapi (26),59,4816,2359,2457,4287,2081,2206,529,278,251
468,District - Kachchh (01),60,24726,12007,12719,17244,8515,8729,7482,3492,3990
469,District - Banas Kantha (02),60,37880,19468,18412,33133,17264,15869,4747,2204,2543
470,District - Patan   (03),60,18850,9234,9616,15179,7547,7632,3671,1687,1984
471,District - Mahesana (04),60,30237,13894,16343,24044,11061,12983,6193,2833,3360
472,District - Sabar Kantha (05),60,34024,16163,17861,29610,14156,15454,4414,2007,2407
473,District - Gandhinagar (06),60,18343,8247,10096,11757,5197,6560,6586,3050,3536
474,District - Ahmadabad (07),60,81427,40253,41174,15649,7706,7943,65778,32547,33231
475,District - Surendranagar (08),60,21959,11174,10785,15499,8096,7403,6460,3078,3382
476,District - Rajkot (09),60,48992,24713,24279,22220,11533,10687,26772,13180,13592
477,District - Jamnagar (10),60,29378,14719,14659,16863,8767,8096,12515,5952,6563
478,District - Porbandar  (11),60,8779,4233,4546,4440,2229,2211,4339,2004,2335
479,District - Junagadh (12),60,37447,18235,19212,26297,13196,13101,11150,5039,6111
480,District - Amreli (13),60,23135,11977,11158,18164,9571,8593,4971,2406,2565
481,District - Bhavnagar (14),60,33694,16913,16781,20419,10712,9707,13275,6201,7074
482,District - Anand   (15),60,27650,12369,15281,20141,8906,11235,7509,3463,4046
483,District - Kheda (16),60,30625,14315,16310,24225,11369,12856,6400,2946,3454
484,District - Panch Mahals (17),60,28964,14272,14692,25674,12792,12882,3290,1480,1810
485,District - Dohad   (18),60,18880,9779,9101,16946,8920,8026,1934,859,1075
486,District - Vadodara (19),60,53071,25989,27082,29165,14428,14737,23906,11561,12345
487,District - Narmada (20),60,7293,3569,3724,6580,3268,3312,713,301,412
488,District - Bharuch (21),60,17454,7984,9470,12594,5700,6894,4860,2284,2576
489,District - The Dangs (22),60,2129,1114,1015,1911,1016,895,218,98,120
490,District - Navsari   (23),60,16782,7782,9000,12344,5703,6641,4438,2079,2359
491,District - Valsad (24),60,18369,8605,9764,12847,5957,6890,5522,2648,2874
492,District - Surat (25),60,49872,24795,25077,14449,6672,7777,35423,18123,17300
493,District - Tapi (26),60,10169,4821,5348,9304,4453,4851,865,368,497
468,District - Kachchh (01),61,7852,4037,3815,4931,2504,2427,2921,1533,1388
469,District - Banas Kantha (02),61,9921,5264,4657,8339,4422,3917,1582,842,740
470,District - Patan   (03),61,5200,2687,2513,3976,2055,1921,1224,632,592
471,District - Mahesana (04),61,8683,4469,4214,6257,3207,3050,2426,1262,1164
472,District - Sabar Kantha (05),61,10759,5724,5035,9018,4792,4226,1741,932,809
473,District - Gandhinagar (06),61,6396,3221,3175,3602,1801,1801,2794,1420,1374
474,District - Ahmadabad (07),61,40264,21239,19025,5345,2678,2667,34919,18561,16358
475,District - Surendranagar (08),61,7268,3806,3462,4792,2539,2253,2476,1267,1209
476,District - Rajkot (09),61,19952,10437,9515,7907,4130,3777,12045,6307,5738
477,District - Jamnagar (10),61,10621,5489,5132,5589,2933,2656,5032,2556,2476
478,District - Porbandar  (11),61,3507,1822,1685,1807,930,877,1700,892,808
479,District - Junagadh (12),61,12639,6404,6235,8113,4080,4033,4526,2324,2202
480,District - Amreli (13),61,7142,3762,3380,5438,2896,2542,1704,866,838
481,District - Bhavnagar (14),61,12328,6434,5894,6860,3612,3248,5468,2822,2646
482,District - Anand   (15),61,11064,5508,5556,7225,3551,3674,3839,1957,1882
483,District - Kheda (16),61,12058,6114,5944,8682,4415,4267,3376,1699,1677
484,District - Panch Mahals (17),61,11174,5762,5412,9574,4935,4639,1600,827,773
485,District - Dohad   (18),61,7767,4009,3758,6831,3523,3308,936,486,450
486,District - Vadodara (19),61,22876,11746,11130,10055,5026,5029,12821,6720,6101
487,District - Narmada (20),61,2908,1491,1417,2575,1320,1255,333,171,162
488,District - Bharuch (21),61,8271,4167,4104,5591,2774,2817,2680,1393,1287
489,District - The Dangs (22),61,847,428,419,779,391,388,68,37,31
490,District - Navsari   (23),61,8505,4235,4270,5928,2925,3003,2577,1310,1267
491,District - Valsad (24),61,8776,4455,4321,5673,2829,2844,3103,1626,1477
492,District - Surat (25),61,23073,11981,11092,6409,3054,3355,16664,8927,7737
493,District - Tapi (26),61,4441,2205,2236,4026,1991,2035,415,214,201
468,District - Kachchh (01),62,7578,3756,3822,4862,2382,2480,2716,1374,1342
469,District - Banas Kantha (02),62,12074,5850,6224,10334,4983,5351,1740,867,873
470,District - Patan   (03),62,6516,3147,3369,5120,2470,2650,1396,677,719
471,District - Mahesana (04),62,11188,5500,5688,8575,4180,4395,2613,1320,1293
472,District - Sabar Kantha (05),62,13338,6688,6650,11501,5749,5752,1837,939,898
473,District - Gandhinagar (06),62,6644,3316,3328,3874,1859,2015,2770,1457,1313
474,District - Ahmadabad (07),62,34713,18045,16668,5400,2616,2784,29313,15429,13884
475,District - Surendranagar (08),62,8217,4062,4155,5678,2790,2888,2539,1272,1267
476,District - Rajkot (09),62,18137,9118,9019,8185,4110,4075,9952,5008,4944
477,District - Jamnagar (10),62,9561,4693,4868,5450,2664,2786,4111,2029,2082
478,District - Porbandar  (11),62,2931,1470,1461,1582,742,840,1349,728,621
479,District - Junagadh (12),62,13015,6456,6559,9091,4532,4559,3924,1924,2000
480,District - Amreli (13),62,7958,3947,4011,6216,3063,3153,1742,884,858
481,District - Bhavnagar (14),62,12492,6127,6365,7530,3634,3896,4962,2493,2469
482,District - Anand   (15),62,12230,5999,6231,8402,4081,4321,3828,1918,1910
483,District - Kheda (16),62,12274,5946,6328,9346,4457,4889,2928,1489,1439
484,District - Panch Mahals (17),62,12542,6085,6457,11003,5283,5720,1539,802,737
485,District - Dohad   (18),62,7987,3835,4152,7113,3395,3718,874,440,434
486,District - Vadodara (19),62,23916,12017,11899,11507,5469,6038,12409,6548,5861
487,District - Narmada (20),62,3212,1507,1705,2925,1344,1581,287,163,124
488,District - Bharuch (21),62,8015,3924,4091,5728,2750,2978,2287,1174,1113
489,District - The Dangs (22),62,962,487,475,885,444,441,77,43,34
490,District - Navsari   (23),62,8790,4379,4411,6451,3182,3269,2339,1197,1142
491,District - Valsad (24),62,8401,4168,4233,5658,2717,2941,2743,1451,1292
492,District - Surat (25),62,20837,10736,10101,6575,3053,3522,14262,7683,6579
493,District - Tapi (26),62,4809,2231,2578,4404,2040,2364,405,191,214
468,District - Kachchh (01),63,5663,2666,2997,3390,1486,1904,2273,1180,1093
469,District - Banas Kantha (02),63,8357,3401,4956,7231,2811,4420,1126,590,536
470,District - Patan   (03),63,4697,2008,2689,3638,1458,2180,1059,550,509
471,District - Mahesana (04),63,7858,3758,4100,5893,2766,3127,1965,992,973
472,District - Sabar Kantha (05),63,9416,4279,5137,7987,3565,4422,1429,714,715
473,District - Gandhinagar (06),63,4939,2474,2465,2613,1248,1365,2326,1226,1100
474,District - Ahmadabad (07),63,28706,15102,13604,3883,1706,2177,24823,13396,11427
475,District - Surendranagar (08),63,6361,2671,3690,4313,1629,2684,2048,1042,1006
476,District - Rajkot (09),63,14522,6938,7584,6350,2646,3704,8172,4292,3880
477,District - Jamnagar (10),63,7253,3237,4016,4105,1677,2428,3148,1560,1588
478,District - Porbandar  (11),63,2177,1095,1082,1121,532,589,1056,563,493
479,District - Junagadh (12),63,10189,4659,5530,6934,3030,3904,3255,1629,1626
480,District - Amreli (13),63,5859,2434,3425,4545,1812,2733,1314,622,692
481,District - Bhavnagar (14),63,9594,4140,5454,5716,2167,3549,3878,1973,1905
482,District - Anand   (15),63,8744,4379,4365,5638,2720,2918,3106,1659,1447
483,District - Kheda (16),63,8862,4226,4636,6448,2929,3519,2414,1297,1117
484,District - Panch Mahals (17),63,9213,4068,5145,7954,3418,4536,1259,650,609
485,District - Dohad   (18),63,6214,2418,3796,5513,2079,3434,701,339,362
486,District - Vadodara (19),63,18414,8949,9465,8058,3479,4579,10356,5470,4886
487,District - Narmada (20),63,2220,980,1240,1988,858,1130,232,122,110
488,District - Bharuch (21),63,5697,2820,2877,3897,1893,2004,1800,927,873
489,District - The Dangs (22),63,632,270,362,583,238,345,49,32,17
490,District - Navsari   (23),63,6683,3263,3420,4703,2236,2467,1980,1027,953
491,District - Valsad (24),63,5933,2929,3004,3876,1854,2022,2057,1075,982
492,District - Surat (25),63,16505,8632,7873,4722,2217,2505,11783,6415,5368
493,District - Tapi (26),63,3684,1614,2070,3395,1456,1939,289,158,131
468,District - Kachchh (01),64,5148,2571,2577,2856,1393,1463,2292,1178,1114
469,District - Banas Kantha (02),64,6944,3082,3862,5832,2485,3347,1112,597,515
470,District - Patan   (03),64,4088,1903,2185,3039,1378,1661,1049,525,524
471,District - Mahesana (04),64,7373,3705,3668,5188,2561,2627,2185,1144,1041
472,District - Sabar Kantha (05),64,8105,3840,4265,6737,3137,3600,1368,703,665
473,District - Gandhinagar (06),64,4924,2472,2452,2635,1292,1343,2289,1180,1109
474,District - Ahmadabad (07),64,28935,15126,13809,3677,1755,1922,25258,13371,11887
475,District - Surendranagar (08),64,5629,2612,3017,3675,1645,2030,1954,967,987
476,District - Rajkot (09),64,13025,6516,6509,5202,2456,2746,7823,4060,3763
477,District - Jamnagar (10),64,7243,3438,3805,3609,1655,1954,3634,1783,1851
478,District - Porbandar  (11),64,1990,953,1037,933,428,505,1057,525,532
479,District - Junagadh (12),64,8685,4147,4538,5613,2637,2976,3072,1510,1562
480,District - Amreli (13),64,5431,2597,2834,3965,1867,2098,1466,730,736
481,District - Bhavnagar (14),64,8696,4177,4519,4724,2153,2571,3972,2024,1948
482,District - Anand   (15),64,8177,4057,4120,5183,2551,2632,2994,1506,1488
483,District - Kheda (16),64,9014,4264,4750,6449,3040,3409,2565,1224,1341
484,District - Panch Mahals (17),64,8083,3754,4329,6978,3193,3785,1105,561,544
485,District - Dohad   (18),64,5862,2310,3552,5222,2022,3200,640,288,352
486,District - Vadodara (19),64,18191,9126,9065,8125,3829,4296,10066,5297,4769
487,District - Narmada (20),64,2266,1032,1234,2066,937,1129,200,95,105
488,District - Bharuch (21),64,6088,2964,3124,4176,1993,2183,1912,971,941
489,District - The Dangs (22),64,559,252,307,515,231,284,44,21,23
490,District - Navsari   (23),64,6348,3120,3228,4504,2158,2346,1844,962,882
491,District - Valsad (24),64,6210,3011,3199,4012,1901,2111,2198,1110,1088
492,District - Surat (25),64,15791,8152,7639,4764,2222,2542,11027,5930,5097
493,District - Tapi (26),64,3797,1659,2138,3455,1484,1971,342,175,167
468,District - Kachchh (01),65,15980,7307,8673,11094,5091,6003,4886,2216,2670
469,District - Banas Kantha (02),65,24230,11752,12478,21031,10369,10662,3199,1383,1816
470,District - Patan   (03),65,13347,6315,7032,10629,5158,5471,2718,1157,1561
471,District - Mahesana (04),65,22317,10002,12315,17865,8049,9816,4452,1953,2499
472,District - Sabar Kantha (05),65,23164,10775,12389,20166,9503,10663,2998,1272,1726
473,District - Gandhinagar (06),65,12411,5416,6995,8128,3510,4618,4283,1906,2377
474,District - Ahmadabad (07),65,54472,25752,28720,11347,5384,5963,43125,20368,22757
475,District - Surendranagar (08),65,16615,8070,8545,11652,5899,5753,4963,2171,2792
476,District - Rajkot (09),65,33908,16242,17666,15627,7870,7757,18281,8372,9909
477,District - Jamnagar (10),65,20557,9879,10678,11326,5684,5642,9231,4195,5036
478,District - Porbandar  (11),65,6121,2753,3368,3241,1548,1693,2880,1205,1675
479,District - Junagadh (12),65,26550,12394,14156,18365,8930,9435,8185,3464,4721
480,District - Amreli (13),65,17535,8538,8997,13609,6767,6842,3926,1771,2155
481,District - Bhavnagar (14),65,25019,12164,12855,15650,8012,7638,9369,4152,5217
482,District - Anand   (15),65,20442,8825,11617,14771,6411,8360,5671,2414,3257
483,District - Kheda (16),65,21477,9832,11645,17008,7870,9138,4469,1962,2507
484,District - Panch Mahals (17),65,20032,9879,10153,17799,8931,8868,2233,948,1285
485,District - Dohad   (18),65,13467,6958,6509,12078,6385,5693,1389,573,816
486,District - Vadodara (19),65,36221,17101,19120,20671,9918,10753,15550,7183,8367
487,District - Narmada (20),65,5840,2823,3017,5286,2619,2667,554,204,350
488,District - Bharuch (21),65,12608,5377,7231,9281,3993,5288,3327,1384,1943
489,District - The Dangs (22),65,1376,698,678,1240,637,603,136,61,75
490,District - Navsari   (23),65,12113,5394,6719,9072,4081,4991,3041,1313,1728
491,District - Valsad (24),65,12896,5871,7025,9114,4210,4904,3782,1661,2121
492,District - Surat (25),65,32903,15437,17466,10572,4792,5780,22331,10645,11686
493,District - Tapi (26),65,8111,3817,4294,7453,3569,3884,658,248,410
468,District - Kachchh (01),66,5708,2762,2946,3568,1695,1873,2140,1067,1073
469,District - Banas Kantha (02),66,7271,3649,3622,6195,3097,3098,1076,552,524
470,District - Patan   (03),66,4034,1998,2036,3065,1508,1557,969,490,479
471,District - Mahesana (04),66,6773,3421,3352,4923,2464,2459,1850,957,893
472,District - Sabar Kantha (05),66,7518,3693,3825,6375,3140,3235,1143,553,590
473,District - Gandhinagar (06),66,4471,2240,2231,2520,1234,1286,1951,1006,945
474,District - Ahmadabad (07),66,25910,13297,12613,3875,1911,1964,22035,11386,10649
475,District - Surendranagar (08),66,5684,2805,2879,3867,1895,1972,1817,910,907
476,District - Rajkot (09),66,13880,6969,6911,5739,2853,2886,8141,4116,4025
477,District - Jamnagar (10),66,7572,3729,3843,4048,1992,2056,3524,1737,1787
478,District - Porbandar  (11),66,2411,1167,1244,1263,605,658,1148,562,586
479,District - Junagadh (12),66,9352,4559,4793,6263,3069,3194,3089,1490,1599
480,District - Amreli (13),66,5631,2817,2814,4296,2147,2149,1335,670,665
481,District - Bhavnagar (14),66,9140,4528,4612,5249,2630,2619,3891,1898,1993
482,District - Anand   (15),66,8076,3973,4103,5345,2630,2715,2731,1343,1388
483,District - Kheda (16),66,7944,3820,4124,5705,2712,2993,2239,1108,1131
484,District - Panch Mahals (17),66,7867,3920,3947,6746,3374,3372,1121,546,575
485,District - Dohad   (18),66,5810,2866,2944,5170,2546,2624,640,320,320
486,District - Vadodara (19),66,16024,8124,7900,7325,3524,3801,8699,4600,4099
487,District - Narmada (20),66,2190,1114,1076,1956,999,957,234,115,119
488,District - Bharuch (21),66,5722,2794,2928,4054,1963,2091,1668,831,837
489,District - The Dangs (22),66,554,252,302,510,228,282,44,24,20
490,District - Navsari   (23),66,5997,2826,3171,4346,2010,2336,1651,816,835
491,District - Valsad (24),66,5909,2924,2985,3977,1906,2071,1932,1018,914
492,District - Surat (25),66,14482,7287,7195,4346,2121,2225,10136,5166,4970
493,District - Tapi (26),66,3402,1647,1755,3127,1515,1612,275,132,143
468,District - Kachchh (01),67,3427,1662,1765,1998,899,1099,1429,763,666
469,District - Banas Kantha (02),67,4658,2121,2537,3979,1763,2216,679,358,321
470,District - Patan   (03),67,2684,1265,1419,2012,900,1112,672,365,307
471,District - Mahesana (04),67,4919,2488,2431,3579,1745,1834,1340,743,597
472,District - Sabar Kantha (05),67,5443,2593,2850,4533,2122,2411,910,471,439
473,District - Gandhinagar (06),67,3188,1684,1504,1626,818,808,1562,866,696
474,District - Ahmadabad (07),67,18348,9805,8543,2325,1039,1286,16023,8766,7257
475,District - Surendranagar (08),67,3825,1824,2001,2532,1121,1411,1293,703,590
476,District - Rajkot (09),67,8846,4557,4289,3784,1819,1965,5062,2738,2324
477,District - Jamnagar (10),67,4347,2039,2308,2351,1013,1338,1996,1026,970
478,District - Porbandar  (11),67,1389,660,729,707,299,408,682,361,321
479,District - Junagadh (12),67,6105,2912,3193,3964,1780,2184,2141,1132,1009
480,District - Amreli (13),67,3755,1750,2005,2827,1257,1570,928,493,435
481,District - Bhavnagar (14),67,5979,2811,3168,3434,1492,1942,2545,1319,1226
482,District - Anand   (15),67,5436,2677,2759,3377,1647,1730,2059,1030,1029
483,District - Kheda (16),67,5285,2536,2749,3724,1721,2003,1561,815,746
484,District - Panch Mahals (17),67,4956,2310,2646,4190,1899,2291,766,411,355
485,District - Dohad   (18),67,3667,1594,2073,3190,1366,1824,477,228,249
486,District - Vadodara (19),67,11854,6038,5816,5162,2382,2780,6692,3656,3036
487,District - Narmada (20),67,1489,689,800,1330,594,736,159,95,64
488,District - Bharuch (21),67,4003,1982,2021,2778,1337,1441,1225,645,580
489,District - The Dangs (22),67,420,174,246,384,158,226,36,16,20
490,District - Navsari   (23),67,4364,2198,2166,3113,1526,1587,1251,672,579
491,District - Valsad (24),67,3924,1950,1974,2555,1232,1323,1369,718,651
492,District - Surat (25),67,10086,5292,4794,3154,1570,1584,6932,3722,3210
493,District - Tapi (26),67,2538,1171,1367,2331,1070,1261,207,101,106
468,District - Kachchh (01),68,4786,1939,2847,3146,1153,1993,1640,786,854
469,District - Banas Kantha (02),68,7835,2596,5239,6940,2175,4765,895,421,474
470,District - Patan   (03),68,4380,1554,2826,3529,1162,2367,851,392,459
471,District - Mahesana (04),68,6749,2773,3976,5271,2050,3221,1478,723,755
472,District - Sabar Kantha (05),68,8480,3184,5296,7386,2635,4751,1094,549,545
473,District - Gandhinagar (06),68,3965,1786,2179,2256,920,1336,1709,866,843
474,District - Ahmadabad (07),68,21292,10550,10742,3550,1283,2267,17742,9267,8475
475,District - Surendranagar (08),68,5751,2140,3611,4202,1368,2834,1549,772,777
476,District - Rajkot (09),68,12014,4829,7185,6089,2058,4031,5925,2771,3154
477,District - Jamnagar (10),68,6461,2548,3913,4051,1334,2717,2410,1214,1196
478,District - Porbandar  (11),68,1799,793,1006,980,379,601,819,414,405
479,District - Junagadh (12),68,8879,3465,5414,6319,2243,4076,2560,1222,1338
480,District - Amreli (13),68,5758,2094,3664,4684,1585,3099,1074,509,565
481,District - Bhavnagar (14),68,9019,3457,5562,5947,1989,3958,3072,1468,1604
482,District - Anand   (15),68,7208,3330,3878,4798,2145,2653,2410,1185,1225
483,District - Kheda (16),68,7465,3043,4422,5637,2168,3469,1828,875,953
484,District - Panch Mahals (17),68,8021,2950,5071,7096,2495,4601,925,455,470
485,District - Dohad   (18),68,5880,2047,3833,5342,1808,3534,538,239,299
486,District - Vadodara (19),68,14195,6511,7684,7027,2726,4301,7168,3785,3383
487,District - Narmada (20),68,1879,789,1090,1721,702,1019,158,87,71
488,District - Bharuch (21),68,4798,2197,2601,3423,1497,1926,1375,700,675
489,District - The Dangs (22),68,643,249,394,589,221,368,54,28,26
490,District - Navsari   (23),68,5259,2404,2855,3829,1695,2134,1430,709,721
491,District - Valsad (24),68,4794,2233,2561,3269,1419,1850,1525,814,711
492,District - Surat (25),68,11882,5678,6204,3949,1683,2266,7933,3995,3938
493,District - Tapi (26),68,3160,1353,1807,2927,1216,1711,233,137,96
468,District - Kachchh (01),69,3584,1591,1993,2119,891,1228,1465,700,765
469,District - Banas Kantha (02),69,4333,1841,2492,3663,1508,2155,670,333,337
470,District - Patan   (03),69,2999,1343,1656,2227,976,1251,772,367,405
471,District - Mahesana (04),69,5372,2738,2634,3764,1895,1869,1608,843,765
472,District - Sabar Kantha (05),69,5375,2509,2866,4384,2025,2359,991,484,507
473,District - Gandhinagar (06),69,3453,1724,1729,1875,915,960,1578,809,769
474,District - Ahmadabad (07),69,20080,10309,9771,2774,1269,1505,17306,9040,8266
475,District - Surendranagar (08),69,3892,1728,2164,2615,1094,1521,1277,634,643
476,District - Rajkot (09),69,9288,4376,4912,4106,1764,2342,5182,2612,2570
477,District - Jamnagar (10),69,5118,2288,2830,2702,1124,1578,2416,1164,1252
478,District - Porbandar  (11),69,1532,705,827,774,338,436,758,367,391
479,District - Junagadh (12),69,6144,2733,3411,4057,1716,2341,2087,1017,1070
480,District - Amreli (13),69,4192,1917,2275,3087,1388,1699,1105,529,576
481,District - Bhavnagar (14),69,6711,3042,3669,3923,1681,2242,2788,1361,1427
482,District - Anand   (15),69,5634,2854,2780,3559,1802,1757,2075,1052,1023
483,District - Kheda (16),69,6410,3061,3349,4698,2203,2495,1712,858,854
484,District - Panch Mahals (17),69,5252,2409,2843,4499,2010,2489,753,399,354
485,District - Dohad   (18),69,3995,1553,2442,3520,1323,2197,475,230,245
486,District - Vadodara (19),69,12152,5994,6158,5532,2530,3002,6620,3464,3156
487,District - Narmada (20),69,1585,728,857,1442,657,785,143,71,72
488,District - Bharuch (21),69,4382,2055,2327,3036,1369,1667,1346,686,660
489,District - The Dangs (22),69,456,196,260,424,181,243,32,15,17
490,District - Navsari   (23),69,4429,2101,2328,3212,1495,1717,1217,606,611
491,District - Valsad (24),69,4447,2115,2332,2949,1362,1587,1498,753,745
492,District - Surat (25),69,10482,5174,5308,3284,1483,1801,7198,3691,3507
493,District - Tapi (26),69,2444,1092,1352,2220,975,1245,224,117,107
468,District - Kachchh (01),70,16543,7146,9397,12085,5269,6816,4458,1877,2581
469,District - Banas Kantha (02),70,23617,10773,12844,20821,9601,11220,2796,1172,1624
470,District - Patan   (03),70,13758,6009,7749,11237,5018,6219,2521,991,1530
471,District - Mahesana (04),70,21307,8857,12450,17460,7364,10096,3847,1493,2354
472,District - Sabar Kantha (05),70,22252,9870,12382,19730,8890,10840,2522,980,1542
473,District - Gandhinagar (06),70,11573,4698,6875,7616,3108,4508,3957,1590,2367
474,District - Ahmadabad (07),70,46144,20551,25593,11075,5090,5985,35069,15461,19608
475,District - Surendranagar (08),70,15932,7291,8641,11885,5620,6265,4047,1671,2376
476,District - Rajkot (09),70,32719,15184,17535,16895,8018,8877,15824,7166,8658
477,District - Jamnagar (10),70,19881,9049,10832,12360,5802,6558,7521,3247,4274
478,District - Porbandar  (11),70,5866,2516,3350,3239,1429,1810,2627,1087,1540
479,District - Junagadh (12),70,26323,11914,14409,19289,8905,10384,7034,3009,4025
480,District - Amreli (13),70,17766,8416,9350,14302,6874,7428,3464,1542,1922
481,District - Bhavnagar (14),70,24380,11394,12986,16279,7989,8290,8101,3405,4696
482,District - Anand   (15),70,17059,6938,10121,12506,5029,7477,4553,1909,2644
483,District - Kheda (16),70,19190,8321,10869,15495,6794,8701,3695,1527,2168
484,District - Panch Mahals (17),70,18254,8441,9813,16407,7726,8681,1847,715,1132
485,District - Dohad   (18),70,11918,5601,6317,10652,5103,5549,1266,498,768
486,District - Vadodara (19),70,30179,13410,16769,17984,8199,9785,12195,5211,6984
487,District - Narmada (20),70,4722,2279,2443,4309,2140,2169,413,139,274
488,District - Bharuch (21),70,10880,4391,6489,8165,3303,4862,2715,1088,1627
489,District - The Dangs (22),70,1236,603,633,1135,570,565,101,33,68
490,District - Navsari   (23),70,10369,4280,6089,7830,3296,4534,2539,984,1555
491,District - Valsad (24),70,10693,4549,6144,7683,3302,4381,3010,1247,1763
492,District - Surat (25),70,25827,11100,14727,8875,3684,5191,16952,7416,9536
493,District - Tapi (26),70,6232,2771,3461,5734,2565,3169,498,206,292
468,District - Kachchh (01),71,4462,2117,2345,2897,1332,1565,1565,785,780
469,District - Banas Kantha (02),71,4821,2289,2532,4137,1962,2175,684,327,357
470,District - Patan   (03),71,2867,1376,1491,2180,1053,1127,687,323,364
471,District - Mahesana (04),71,4772,2433,2339,3488,1756,1732,1284,677,607
472,District - Sabar Kantha (05),71,5242,2602,2640,4332,2151,2181,910,451,459
473,District - Gandhinagar (06),71,3155,1604,1551,1787,855,932,1368,749,619
474,District - Ahmadabad (07),71,20040,10036,10004,3113,1507,1606,16927,8529,8398
475,District - Surendranagar (08),71,4193,2093,2100,2863,1399,1464,1330,694,636
476,District - Rajkot (09),71,11316,5578,5738,5064,2510,2554,6252,3068,3184
477,District - Jamnagar (10),71,6304,3055,3249,3655,1777,1878,2649,1278,1371
478,District - Porbandar  (11),71,2099,955,1144,1138,514,624,961,441,520
479,District - Junagadh (12),71,7267,3556,3711,4879,2318,2561,2388,1238,1150
480,District - Amreli (13),71,4488,2243,2245,3568,1768,1800,920,475,445
481,District - Bhavnagar (14),71,7533,3758,3775,4459,2221,2238,3074,1537,1537
482,District - Anand   (15),71,5810,2825,2985,3851,1879,1972,1959,946,1013
483,District - Kheda (16),71,6354,3134,3220,4632,2269,2363,1722,865,857
484,District - Panch Mahals (17),71,5850,2894,2956,5031,2512,2519,819,382,437
485,District - Dohad   (18),71,4154,1959,2195,3609,1709,1900,545,250,295
486,District - Vadodara (19),71,11265,5663,5602,5093,2468,2625,6172,3195,2977
487,District - Narmada (20),71,1443,708,735,1283,633,650,160,75,85
488,District - Bharuch (21),71,4513,2134,2379,3200,1498,1702,1313,636,677
489,District - The Dangs (22),71,392,172,220,365,163,202,27,9,18
490,District - Navsari   (23),71,4480,2171,2309,3189,1570,1619,1291,601,690
491,District - Valsad (24),71,4268,2010,2258,2888,1355,1533,1380,655,725
492,District - Surat (25),71,10526,5105,5421,3239,1529,1710,7287,3576,3711
493,District - Tapi (26),71,2216,1073,1143,2052,995,1057,164,78,86
468,District - Kachchh (01),72,3782,1793,1989,2586,1188,1398,1196,605,591
469,District - Banas Kantha (02),72,4592,2079,2513,3970,1770,2200,622,309,313
470,District - Patan   (03),72,2955,1388,1567,2285,1077,1208,670,311,359
471,District - Mahesana (04),72,5072,2465,2607,3888,1868,2020,1184,597,587
472,District - Sabar Kantha (05),72,5065,2415,2650,4313,2054,2259,752,361,391
473,District - Gandhinagar (06),72,2638,1313,1325,1540,758,782,1098,555,543
474,District - Ahmadabad (07),72,15041,7725,7316,2365,1096,1269,12676,6629,6047
475,District - Surendranagar (08),72,4126,1983,2143,2921,1396,1525,1205,587,618
476,District - Rajkot (09),72,8796,4504,4292,4270,2100,2170,4526,2404,2122
477,District - Jamnagar (10),72,4471,2209,2262,2663,1275,1388,1808,934,874
478,District - Porbandar  (11),72,1292,609,683,721,329,392,571,280,291
479,District - Junagadh (12),72,6347,3076,3271,4453,2097,2356,1894,979,915
480,District - Amreli (13),72,4342,2135,2207,3485,1707,1778,857,428,429
481,District - Bhavnagar (14),72,6555,3123,3432,4061,1904,2157,2494,1219,1275
482,District - Anand   (15),72,5041,2461,2580,3320,1604,1716,1721,857,864
483,District - Kheda (16),72,4949,2429,2520,3642,1750,1892,1307,679,628
484,District - Panch Mahals (17),72,4901,2270,2631,4247,1964,2283,654,306,348
485,District - Dohad   (18),72,3147,1390,1757,2734,1178,1556,413,212,201
486,District - Vadodara (19),72,9241,4598,4643,4245,1949,2296,4996,2649,2347
487,District - Narmada (20),72,1175,549,626,1048,478,570,127,71,56
488,District - Bharuch (21),72,3500,1706,1794,2501,1163,1338,999,543,456
489,District - The Dangs (22),72,355,167,188,334,157,177,21,10,11
490,District - Navsari   (23),72,3967,1837,2130,2922,1338,1584,1045,499,546
491,District - Valsad (24),72,3290,1602,1688,2209,1085,1124,1081,517,564
492,District - Surat (25),72,8316,4104,4212,2792,1288,1504,5524,2816,2708
493,District - Tapi (26),72,1837,890,947,1688,810,878,149,80,69
468,District - Kachchh (01),73,2218,1014,1204,1393,585,808,825,429,396
469,District - Banas Kantha (02),73,2554,995,1559,2167,794,1373,387,201,186
470,District - Patan   (03),73,1648,709,939,1245,506,739,403,203,200
471,District - Mahesana (04),73,2901,1437,1464,2131,1014,1117,770,423,347
472,District - Sabar Kantha (05),73,3018,1307,1711,2523,1047,1476,495,260,235
473,District - Gandhinagar (06),73,1599,799,800,860,387,473,739,412,327
474,District - Ahmadabad (07),73,10678,5633,5045,1393,635,758,9285,4998,4287
475,District - Surendranagar (08),73,2562,1153,1409,1749,716,1033,813,437,376
476,District - Rajkot (09),73,5815,2736,3079,2733,1124,1609,3082,1612,1470
477,District - Jamnagar (10),73,2832,1274,1558,1669,686,983,1163,588,575
478,District - Porbandar  (11),73,857,424,433,435,186,249,422,238,184
479,District - Junagadh (12),73,3878,1723,2155,2684,1095,1589,1194,628,566
480,District - Amreli (13),73,2491,1113,1378,1983,843,1140,508,270,238
481,District - Bhavnagar (14),73,3951,1712,2239,2334,876,1458,1617,836,781
482,District - Anand   (15),73,3144,1627,1517,1987,1003,984,1157,624,533
483,District - Kheda (16),73,2972,1370,1602,2048,911,1137,924,459,465
484,District - Panch Mahals (17),73,2878,1286,1592,2454,1053,1401,424,233,191
485,District - Dohad   (18),73,2099,783,1316,1822,631,1191,277,152,125
486,District - Vadodara (19),73,6459,3187,3272,2616,1124,1492,3843,2063,1780
487,District - Narmada (20),73,723,331,392,628,283,345,95,48,47
488,District - Bharuch (21),73,2400,1259,1141,1699,851,848,701,408,293
489,District - The Dangs (22),73,184,79,105,164,65,99,20,14,6
490,District - Navsari   (23),73,2796,1456,1340,1940,1000,940,856,456,400
491,District - Valsad (24),73,2214,1100,1114,1398,669,729,816,431,385
492,District - Surat (25),73,6007,3101,2906,1830,910,920,4177,2191,1986
493,District - Tapi (26),73,1167,511,656,1062,457,605,105,54,51
468,District - Kachchh (01),74,2274,1099,1175,1331,609,722,943,490,453
469,District - Banas Kantha (02),74,2259,967,1292,1898,768,1130,361,199,162
470,District - Patan   (03),74,1524,700,824,1110,494,616,414,206,208
471,District - Mahesana (04),74,2954,1468,1486,2100,1034,1066,854,434,420
472,District - Sabar Kantha (05),74,2790,1324,1466,2279,1071,1208,511,253,258
473,District - Gandhinagar (06),74,1690,849,841,905,434,471,785,415,370
474,District - Ahmadabad (07),74,11763,5953,5810,1418,689,729,10345,5264,5081
475,District - Surendranagar (08),74,2332,1117,1215,1516,657,859,816,460,356
476,District - Rajkot (09),74,5597,2720,2877,2347,1075,1272,3250,1645,1605
477,District - Jamnagar (10),74,2851,1308,1543,1496,664,832,1355,644,711
478,District - Porbandar  (11),74,761,388,373,374,182,192,387,206,181
479,District - Junagadh (12),74,3454,1663,1791,2223,989,1234,1231,674,557
480,District - Amreli (13),74,2426,1169,1257,1790,847,943,636,322,314
481,District - Bhavnagar (14),74,3811,1735,2076,2121,881,1240,1690,854,836
482,District - Anand   (15),74,3084,1551,1533,1833,915,918,1251,636,615
483,District - Kheda (16),74,3214,1533,1681,2230,1041,1189,984,492,492
484,District - Panch Mahals (17),74,2741,1247,1494,2273,1001,1272,468,246,222
485,District - Dohad   (18),74,1975,778,1197,1660,617,1043,315,161,154
486,District - Vadodara (19),74,6885,3350,3535,2740,1239,1501,4145,2111,2034
487,District - Narmada (20),74,679,308,371,606,271,335,73,37,36
488,District - Bharuch (21),74,2541,1276,1265,1745,870,875,796,406,390
489,District - The Dangs (22),74,177,80,97,157,67,90,20,13,7
490,District - Navsari   (23),74,2723,1328,1395,1890,904,986,833,424,409
491,District - Valsad (24),74,2421,1165,1256,1442,670,772,979,495,484
492,District - Surat (25),74,6231,3073,3158,1946,914,1032,4285,2159,2126
493,District - Tapi (26),74,1232,539,693,1105,474,631,127,65,62
468,District - Kachchh (01),75,6594,2708,3886,4715,1933,2782,1879,775,1104
469,District - Banas Kantha (02),75,9323,3927,5396,8099,3438,4661,1224,489,735
470,District - Patan   (03),75,5715,2414,3301,4547,1953,2594,1168,461,707
471,District - Mahesana (04),75,9966,4158,5808,8051,3403,4648,1915,755,1160
472,District - Sabar Kantha (05),75,9311,4110,5201,8142,3678,4464,1169,432,737
473,District - Gandhinagar (06),75,4939,1951,2988,3217,1268,1949,1722,683,1039
474,District - Ahmadabad (07),75,22838,10080,12758,4555,2043,2512,18283,8037,10246
475,District - Surendranagar (08),75,7481,3251,4230,5484,2417,3067,1997,834,1163
476,District - Rajkot (09),75,15626,6812,8814,8033,3663,4370,7593,3149,4444
477,District - Jamnagar (10),75,8736,3783,4953,5428,2356,3072,3308,1427,1881
478,District - Porbandar  (11),75,2544,1094,1450,1413,620,793,1131,474,657
479,District - Junagadh (12),75,12257,5404,6853,8972,4046,4926,3285,1358,1927
480,District - Amreli (13),75,8577,3895,4682,6923,3187,3736,1654,708,946
481,District - Bhavnagar (14),75,12083,5474,6609,8067,3790,4277,4016,1684,2332
482,District - Anand   (15),75,7816,3097,4719,5505,2219,3286,2311,878,1433
483,District - Kheda (16),75,8407,3761,4646,6624,3021,3603,1783,740,1043
484,District - Panch Mahals (17),75,7754,3497,4257,6853,3145,3708,901,352,549
485,District - Dohad   (18),75,4923,2267,2656,4347,2015,2332,576,252,324
486,District - Vadodara (19),75,13781,6071,7710,7384,3278,4106,6397,2793,3604
487,District - Narmada (20),75,1925,903,1022,1716,825,891,209,78,131
488,District - Bharuch (21),75,4943,2078,2865,3600,1518,2082,1343,560,783
489,District - The Dangs (22),75,456,205,251,419,188,231,37,17,20
490,District - Navsari   (23),75,5180,2087,3093,3814,1545,2269,1366,542,824
491,District - Valsad (24),75,4913,2084,2829,3406,1433,1973,1507,651,856
492,District - Surat (25),75,12397,5277,7120,3983,1678,2305,8414,3599,4815
493,District - Tapi (26),75,2488,1132,1356,2280,1054,1226,208,78,130
468,District - Kachchh (01),76,2325,1042,1283,1541,675,866,784,367,417
469,District - Banas Kantha (02),76,2376,1012,1364,2026,845,1181,350,167,183
470,District - Patan   (03),76,1476,669,807,1061,469,592,415,200,215
471,District - Mahesana (04),76,2630,1266,1364,1983,944,1039,647,322,325
472,District - Sabar Kantha (05),76,2644,1223,1421,2228,1024,1204,416,199,217
473,District - Gandhinagar (06),76,1522,757,765,880,423,457,642,334,308
474,District - Ahmadabad (07),76,10350,5008,5342,1416,651,765,8934,4357,4577
475,District - Surendranagar (08),76,2314,1096,1218,1551,717,834,763,379,384
476,District - Rajkot (09),76,6043,2778,3265,2746,1219,1527,3297,1559,1738
477,District - Jamnagar (10),76,3117,1458,1659,1816,836,980,1301,622,679
478,District - Porbandar  (11),76,988,451,537,559,240,319,429,211,218
479,District - Junagadh (12),76,3644,1674,1970,2542,1141,1401,1102,533,569
480,District - Amreli (13),76,2504,1177,1327,2042,940,1102,462,237,225
481,District - Bhavnagar (14),76,4092,1891,2201,2402,1086,1316,1690,805,885
482,District - Anand   (15),76,2897,1367,1530,1880,889,991,1017,478,539
483,District - Kheda (16),76,3024,1423,1601,2118,1008,1110,906,415,491
484,District - Panch Mahals (17),76,2705,1260,1445,2304,1070,1234,401,190,211
485,District - Dohad   (18),76,1911,854,1057,1629,707,922,282,147,135
486,District - Vadodara (19),76,5827,2876,2951,2449,1172,1277,3378,1704,1674
487,District - Narmada (20),76,673,309,364,591,270,321,82,39,43
488,District - Bharuch (21),76,2287,1120,1167,1608,784,824,679,336,343
489,District - The Dangs (22),76,187,75,112,181,73,108,6,2,4
490,District - Navsari   (23),76,2468,1136,1332,1713,793,920,755,343,412
491,District - Valsad (24),76,2199,1028,1171,1434,656,778,765,372,393
492,District - Surat (25),76,5772,2775,2997,1738,844,894,4034,1931,2103
493,District - Tapi (26),76,1015,460,555,916,416,500,99,44,55
468,District - Kachchh (01),77,1412,667,745,864,381,483,548,286,262
469,District - Banas Kantha (02),77,1336,577,759,1105,452,653,231,125,106
470,District - Patan   (03),77,881,408,473,637,273,364,244,135,109
471,District - Mahesana (04),77,1654,853,801,1152,585,567,502,268,234
472,District - Sabar Kantha (05),77,1712,795,917,1388,622,766,324,173,151
473,District - Gandhinagar (06),77,902,442,460,465,220,245,437,222,215
474,District - Ahmadabad (07),77,7163,3774,3389,716,326,390,6447,3448,2999
475,District - Surendranagar (08),77,1441,654,787,939,382,557,502,272,230
476,District - Rajkot (09),77,3413,1659,1754,1505,630,875,1908,1029,879
477,District - Jamnagar (10),77,1805,793,1012,967,384,583,838,409,429
478,District - Porbandar  (11),77,512,243,269,269,116,153,243,127,116
479,District - Junagadh (12),77,2150,987,1163,1429,619,810,721,368,353
480,District - Amreli (13),77,1451,659,792,1110,469,641,341,190,151
481,District - Bhavnagar (14),77,2426,1131,1295,1358,558,800,1068,573,495
482,District - Anand   (15),77,1852,966,886,1077,558,519,775,408,367
483,District - Kheda (16),77,1631,835,796,1080,537,543,551,298,253
484,District - Panch Mahals (17),77,1629,745,884,1357,588,769,272,157,115
485,District - Dohad   (18),77,1086,444,642,894,353,541,192,91,101
486,District - Vadodara (19),77,3994,2061,1933,1440,668,772,2554,1393,1161
487,District - Narmada (20),77,436,205,231,377,171,206,59,34,25
488,District - Bharuch (21),77,1368,717,651,892,456,436,476,261,215
489,District - The Dangs (22),77,92,31,61,85,29,56,7,2,5
490,District - Navsari   (23),77,1746,867,879,1211,598,613,535,269,266
491,District - Valsad (24),77,1454,718,736,872,403,469,582,315,267
492,District - Surat (25),77,3864,1956,1908,1135,540,595,2729,1416,1313
493,District - Tapi (26),77,701,322,379,643,297,346,58,25,33
468,District - Kachchh (01),78,1744,717,1027,1148,422,726,596,295,301
469,District - Banas Kantha (02),78,2077,648,1429,1839,538,1301,238,110,128
470,District - Patan   (03),78,1219,455,764,916,308,608,303,147,156
471,District - Mahesana (04),78,2003,944,1059,1490,658,832,513,286,227
472,District - Sabar Kantha (05),78,2192,812,1380,1839,642,1197,353,170,183
473,District - Gandhinagar (06),78,1021,459,562,524,221,303,497,238,259
474,District - Ahmadabad (07),78,7643,3770,3873,1025,407,618,6618,3363,3255
475,District - Surendranagar (08),78,1953,728,1225,1393,448,945,560,280,280
476,District - Rajkot (09),78,4582,1905,2677,2270,807,1463,2312,1098,1214
477,District - Jamnagar (10),78,2394,902,1492,1512,484,1028,882,418,464
478,District - Porbandar  (11),78,636,274,362,364,140,224,272,134,138
479,District - Junagadh (12),78,2922,1142,1780,2132,768,1364,790,374,416
480,District - Amreli (13),78,2115,807,1308,1736,630,1106,379,177,202
481,District - Bhavnagar (14),78,3155,1196,1959,2055,644,1411,1100,552,548
482,District - Anand   (15),78,1988,857,1131,1232,514,718,756,343,413
483,District - Kheda (16),78,2031,913,1118,1419,597,822,612,316,296
484,District - Panch Mahals (17),78,2226,800,1426,1926,658,1268,300,142,158
485,District - Dohad   (18),78,1474,465,1009,1254,353,901,220,112,108
486,District - Vadodara (19),78,4227,1973,2254,1815,710,1105,2412,1263,1149
487,District - Narmada (20),78,481,184,297,409,150,259,72,34,38
488,District - Bharuch (21),78,1410,695,715,952,465,487,458,230,228
489,District - The Dangs (22),78,144,62,82,128,54,74,16,8,8
490,District - Navsari   (23),78,1787,803,984,1215,530,685,572,273,299
491,District - Valsad (24),78,1451,665,786,902,385,517,549,280,269
492,District - Surat (25),78,3959,1885,2074,1193,538,655,2766,1347,1419
493,District - Tapi (26),78,849,377,472,759,324,435,90,53,37
468,District - Kachchh (01),79,1358,585,773,833,347,486,525,238,287
469,District - Banas Kantha (02),79,1287,491,796,1100,404,696,187,87,100
470,District - Patan   (03),79,845,384,461,611,276,335,234,108,126
471,District - Mahesana (04),79,1411,638,773,964,442,522,447,196,251
472,District - Sabar Kantha (05),79,1497,668,829,1237,535,702,260,133,127
473,District - Gandhinagar (06),79,944,413,531,501,207,294,443,206,237
474,District - Ahmadabad (07),79,6778,3255,3523,816,344,472,5962,2911,3051
475,District - Surendranagar (08),79,1407,602,805,987,378,609,420,224,196
476,District - Rajkot (09),79,3583,1556,2027,1638,660,978,1945,896,1049
477,District - Jamnagar (10),79,2034,812,1222,1101,411,690,933,401,532
478,District - Porbandar  (11),79,523,216,307,289,123,166,234,93,141
479,District - Junagadh (12),79,2129,864,1265,1469,556,913,660,308,352
480,District - Amreli (13),79,1624,684,940,1222,495,727,402,189,213
481,District - Bhavnagar (14),79,2578,1113,1465,1468,580,888,1110,533,577
482,District - Anand   (15),79,1574,744,830,902,431,471,672,313,359
483,District - Kheda (16),79,1659,756,903,1136,516,620,523,240,283
484,District - Panch Mahals (17),79,1459,647,812,1224,506,718,235,141,94
485,District - Dohad   (18),79,1133,445,688,943,339,604,190,106,84
486,District - Vadodara (19),79,3600,1728,1872,1423,629,794,2177,1099,1078
487,District - Narmada (20),79,435,193,242,375,166,209,60,27,33
488,District - Bharuch (21),79,1282,615,667,869,403,466,413,212,201
489,District - The Dangs (22),79,103,50,53,97,46,51,6,4,2
490,District - Navsari   (23),79,1489,715,774,1052,497,555,437,218,219
491,District - Valsad (24),79,1366,637,729,846,367,479,520,270,250
492,District - Surat (25),79,3477,1597,1880,977,426,551,2500,1171,1329
493,District - Tapi (26),79,664,281,383,579,243,336,85,38,47
468,District - Kachchh (01),80,6840,2481,4359,5088,1869,3219,1752,612,1140
469,District - Banas Kantha (02),80,8579,3426,5153,7598,3082,4516,981,344,637
470,District - Patan   (03),80,4920,1929,2991,3987,1621,2366,933,308,625
471,District - Mahesana (04),80,7271,2835,4436,5909,2349,3560,1362,486,876
472,District - Sabar Kantha (05),80,7882,3204,4678,6947,2871,4076,935,333,602
473,District - Gandhinagar (06),80,3689,1331,2358,2466,890,1576,1223,441,782
474,District - Ahmadabad (07),80,16691,6765,9926,3900,1618,2282,12791,5147,7644
475,District - Surendranagar (08),80,6970,2861,4109,5253,2224,3029,1717,637,1080
476,District - Rajkot (09),80,15043,6040,9003,8354,3466,4888,6689,2574,4115
477,District - Jamnagar (10),80,9083,3544,5539,5987,2392,3595,3096,1152,1944
478,District - Porbandar  (11),80,2331,918,1413,1321,536,785,1010,382,628
479,District - Junagadh (12),80,11491,4651,6840,8812,3670,5142,2679,981,1698
480,District - Amreli (13),80,8618,3482,5136,7087,2930,4157,1531,552,979
481,District - Bhavnagar (14),80,11053,4508,6545,7635,3223,4412,3418,1285,2133
482,District - Anand   (15),80,5356,2076,3280,3834,1522,2312,1522,554,968
483,District - Kheda (16),80,5936,2401,3535,4817,1995,2822,1119,406,713
484,District - Panch Mahals (17),80,6307,2871,3436,5682,2674,3008,625,197,428
485,District - Dohad   (18),80,3823,1624,2199,3420,1470,1950,403,154,249
486,District - Vadodara (19),80,9568,3909,5659,5302,2261,3041,4266,1648,2618
487,District - Narmada (20),80,1332,611,721,1186,554,632,146,57,89
488,District - Bharuch (21),80,3339,1222,2117,2386,882,1504,953,340,613
489,District - The Dangs (22),80,308,150,158,278,141,137,30,9,21
490,District - Navsari   (23),80,3640,1399,2241,2674,1027,1647,966,372,594
491,District - Valsad (24),80,3387,1344,2043,2365,964,1401,1022,380,642
492,District - Surat (25),80,9105,3488,5617,2828,1085,1743,6277,2403,3874
493,District - Tapi (26),80,1609,695,914,1433,633,800,176,62,114
468,District - Kachchh (01),81,1686,645,1041,1175,442,733,511,203,308
469,District - Banas Kantha (02),81,1535,637,898,1340,554,786,195,83,112
470,District - Patan   (03),81,836,371,465,657,295,362,179,76,103
471,District - Mahesana (04),81,1323,573,750,990,435,555,333,138,195
472,District - Sabar Kantha (05),81,1539,679,860,1279,566,713,260,113,147
473,District - Gandhinagar (06),81,814,374,440,475,220,255,339,154,185
474,District - Ahmadabad (07),81,6256,2887,3369,995,443,552,5261,2444,2817
475,District - Surendranagar (08),81,1586,706,880,1124,506,618,462,200,262
476,District - Rajkot (09),81,4450,1877,2573,2173,891,1282,2277,986,1291
477,District - Jamnagar (10),81,2607,1113,1494,1642,690,952,965,423,542
478,District - Porbandar  (11),81,770,315,455,469,196,273,301,119,182
479,District - Junagadh (12),81,2717,1150,1567,1934,828,1106,783,322,461
480,District - Amreli (13),81,1879,819,1060,1549,674,875,330,145,185
481,District - Bhavnagar (14),81,3008,1297,1711,1961,836,1125,1047,461,586
482,District - Anand   (15),81,1587,706,881,1037,465,572,550,241,309
483,District - Kheda (16),81,1667,738,929,1156,536,620,511,202,309
484,District - Panch Mahals (17),81,1604,736,868,1387,645,742,217,91,126
485,District - Dohad   (18),81,1184,540,644,1047,470,577,137,70,67
486,District - Vadodara (19),81,3104,1406,1698,1346,591,755,1758,815,943
487,District - Narmada (20),81,347,155,192,300,138,162,47,17,30
488,District - Bharuch (21),81,1161,494,667,812,353,459,349,141,208
489,District - The Dangs (22),81,73,34,39,65,29,36,8,5,3
490,District - Navsari   (23),81,1496,676,820,1029,452,577,467,224,243
491,District - Valsad (24),81,1251,591,660,791,371,420,460,220,240
492,District - Surat (25),81,3434,1546,1888,974,445,529,2460,1101,1359
493,District - Tapi (26),81,554,240,314,507,224,283,47,16,31
468,District - Kachchh (01),82,1133,482,651,772,331,441,361,151,210
469,District - Banas Kantha (02),82,1103,452,651,951,383,568,152,69,83
470,District - Patan   (03),82,618,267,351,470,206,264,148,61,87
471,District - Mahesana (04),82,1103,523,580,839,399,440,264,124,140
472,District - Sabar Kantha (05),82,1146,500,646,953,408,545,193,92,101
473,District - Gandhinagar (06),82,542,262,280,292,137,155,250,125,125
474,District - Ahmadabad (07),82,4073,2030,2043,535,259,276,3538,1771,1767
475,District - Surendranagar (08),82,1121,531,590,802,383,419,319,148,171
476,District - Rajkot (09),82,2619,1224,1395,1282,563,719,1337,661,676
477,District - Jamnagar (10),82,1446,632,814,890,393,497,556,239,317
478,District - Porbandar  (11),82,406,190,216,236,104,132,170,86,84
479,District - Junagadh (12),82,1772,795,977,1289,587,702,483,208,275
480,District - Amreli (13),82,1221,557,664,1006,454,552,215,103,112
481,District - Bhavnagar (14),82,1878,849,1029,1208,551,657,670,298,372
482,District - Anand   (15),82,1112,523,589,699,323,376,413,200,213
483,District - Kheda (16),82,1061,508,553,751,359,392,310,149,161
484,District - Panch Mahals (17),82,1058,522,536,897,444,453,161,78,83
485,District - Dohad   (18),82,660,289,371,551,237,314,109,52,57
486,District - Vadodara (19),82,2187,1064,1123,908,453,455,1279,611,668
487,District - Narmada (20),82,272,129,143,234,111,123,38,18,20
488,District - Bharuch (21),82,867,395,472,576,259,317,291,136,155
489,District - The Dangs (22),82,69,34,35,62,30,32,7,4,3
490,District - Navsari   (23),82,1082,506,576,749,356,393,333,150,183
491,District - Valsad (24),82,890,454,436,570,293,277,320,161,159
492,District - Surat (25),82,2330,1138,1192,685,315,370,1645,823,822
493,District - Tapi (26),82,408,201,207,371,190,181,37,11,26
468,District - Kachchh (01),83,680,284,396,442,177,265,238,107,131
469,District - Banas Kantha (02),83,545,201,344,467,166,301,78,35,43
470,District - Patan   (03),83,335,137,198,239,91,148,96,46,50
471,District - Mahesana (04),83,620,303,317,463,223,240,157,80,77
472,District - Sabar Kantha (05),83,687,297,390,576,227,349,111,70,41
473,District - Gandhinagar (06),83,362,157,205,178,70,108,184,87,97
474,District - Ahmadabad (07),83,3031,1519,1512,319,150,169,2712,1369,1343
475,District - Surendranagar (08),83,618,263,355,403,158,245,215,105,110
476,District - Rajkot (09),83,1721,819,902,822,359,463,899,460,439
477,District - Jamnagar (10),83,877,394,483,485,197,288,392,197,195
478,District - Porbandar  (11),83,219,98,121,111,40,71,108,58,50
479,District - Junagadh (12),83,1028,411,617,738,267,471,290,144,146
480,District - Amreli (13),83,724,288,436,580,221,359,144,67,77
481,District - Bhavnagar (14),83,1077,444,633,628,223,405,449,221,228
482,District - Anand   (15),83,802,397,405,470,227,243,332,170,162
483,District - Kheda (16),83,685,314,371,408,171,237,277,143,134
484,District - Panch Mahals (17),83,641,298,343,530,243,287,111,55,56
485,District - Dohad   (18),83,435,152,283,352,109,243,83,43,40
486,District - Vadodara (19),83,1584,719,865,505,225,280,1079,494,585
487,District - Narmada (20),83,132,57,75,107,44,63,25,13,12
488,District - Bharuch (21),83,486,257,229,314,172,142,172,85,87
489,District - The Dangs (22),83,29,14,15,27,14,13,2,0,2
490,District - Navsari   (23),83,781,385,396,520,255,265,261,130,131
491,District - Valsad (24),83,576,305,271,343,176,167,233,129,104
492,District - Surat (25),83,1676,844,832,468,243,225,1208,601,607
493,District - Tapi (26),83,238,112,126,206,99,107,32,13,19
468,District - Kachchh (01),84,686,287,399,394,155,239,292,132,160
469,District - Banas Kantha (02),84,491,208,283,384,154,230,107,54,53
470,District - Patan   (03),84,350,152,198,251,97,154,99,55,44
471,District - Mahesana (04),84,689,302,387,436,196,240,253,106,147
472,District - Sabar Kantha (05),84,660,307,353,535,255,280,125,52,73
473,District - Gandhinagar (06),84,436,190,246,208,97,111,228,93,135
474,District - Ahmadabad (07),84,3098,1380,1718,328,146,182,2770,1234,1536
475,District - Surendranagar (08),84,607,270,337,387,174,213,220,96,124
476,District - Rajkot (09),84,1565,697,868,654,286,368,911,411,500
477,District - Jamnagar (10),84,827,360,467,419,159,260,408,201,207
478,District - Porbandar  (11),84,189,94,95,78,33,45,111,61,50
479,District - Junagadh (12),84,875,380,495,562,243,319,313,137,176
480,District - Amreli (13),84,718,323,395,548,243,305,170,80,90
481,District - Bhavnagar (14),84,1079,475,604,600,255,345,479,220,259
482,District - Anand   (15),84,727,351,376,413,201,212,314,150,164
483,District - Kheda (16),84,717,313,404,458,200,258,259,113,146
484,District - Panch Mahals (17),84,608,280,328,489,229,260,119,51,68
485,District - Dohad   (18),84,420,157,263,336,120,216,84,37,47
486,District - Vadodara (19),84,1626,765,861,538,240,298,1088,525,563
487,District - Narmada (20),84,169,83,86,150,75,75,19,8,11
488,District - Bharuch (21),84,559,242,317,361,164,197,198,78,120
489,District - The Dangs (22),84,20,11,9,17,11,6,3,0,3
490,District - Navsari   (23),84,721,347,374,495,237,258,226,110,116
491,District - Valsad (24),84,593,275,318,343,157,186,250,118,132
492,District - Surat (25),84,1708,787,921,463,225,238,1245,562,683
493,District - Tapi (26),84,286,138,148,252,118,134,34,20,14
468,District - Kachchh (01),85,2085,744,1341,1490,564,926,595,180,415
469,District - Banas Kantha (02),85,2382,978,1404,2017,855,1162,365,123,242
470,District - Patan   (03),85,1422,599,823,1105,475,630,317,124,193
471,District - Mahesana (04),85,2726,1095,1631,2169,912,1257,557,183,374
472,District - Sabar Kantha (05),85,2644,1190,1454,2320,1074,1246,324,116,208
473,District - Gandhinagar (06),85,1468,581,887,919,381,538,549,200,349
474,District - Ahmadabad (07),85,6726,2705,4021,1177,492,685,5549,2213,3336
475,District - Surendranagar (08),85,2164,900,1264,1618,702,916,546,198,348
476,District - Rajkot (09),85,5197,2042,3155,2714,1135,1579,2483,907,1576
477,District - Jamnagar (10),85,2881,1286,1595,1853,846,1007,1028,440,588
478,District - Porbandar  (11),85,662,271,391,376,154,222,286,117,169
479,District - Junagadh (12),85,3971,1690,2281,2944,1277,1667,1027,413,614
480,District - Amreli (13),85,2851,1228,1623,2330,1012,1318,521,216,305
481,District - Bhavnagar (14),85,3816,1643,2173,2582,1146,1436,1234,497,737
482,District - Anand   (15),85,1961,755,1206,1397,554,843,564,201,363
483,District - Kheda (16),85,2096,942,1154,1607,759,848,489,183,306
484,District - Panch Mahals (17),85,2003,921,1082,1765,825,940,238,96,142
485,District - Dohad   (18),85,1222,537,685,1056,477,579,166,60,106
486,District - Vadodara (19),85,3450,1417,2033,1676,741,935,1774,676,1098
487,District - Narmada (20),85,402,186,216,340,166,174,62,20,42
488,District - Bharuch (21),85,1147,463,684,763,321,442,384,142,242
489,District - The Dangs (22),85,73,33,40,59,28,31,14,5,9
490,District - Navsari   (23),85,1477,578,899,1036,435,601,441,143,298
491,District - Valsad (24),85,1250,528,722,790,345,445,460,183,277
492,District - Surat (25),85,3919,1496,2423,1030,383,647,2889,1113,1776
493,District - Tapi (26),85,576,254,322,506,234,272,70,20,50
468,District - Kachchh (01),86,672,276,396,444,183,261,228,93,135
469,District - Banas Kantha (02),86,570,247,323,485,211,274,85,36,49
470,District - Patan   (03),86,318,129,189,229,93,136,89,36,53
471,District - Mahesana (04),86,533,250,283,361,180,181,172,70,102
472,District - Sabar Kantha (05),86,612,281,331,508,233,275,104,48,56
473,District - Gandhinagar (06),86,371,157,214,218,89,129,153,68,85
474,District - Ahmadabad (07),86,2768,1263,1505,314,148,166,2454,1115,1339
475,District - Surendranagar (08),86,614,270,344,400,176,224,214,94,120
476,District - Rajkot (09),86,1811,791,1020,820,363,457,991,428,563
477,District - Jamnagar (10),86,947,404,543,574,237,337,373,167,206
478,District - Porbandar  (11),86,257,118,139,137,64,73,120,54,66
479,District - Junagadh (12),86,1088,507,581,735,340,395,353,167,186
480,District - Amreli (13),86,746,328,418,586,257,329,160,71,89
481,District - Bhavnagar (14),86,1124,480,644,687,293,394,437,187,250
482,District - Anand   (15),86,657,296,361,410,191,219,247,105,142
483,District - Kheda (16),86,691,318,373,482,232,250,209,86,123
484,District - Panch Mahals (17),86,611,295,316,511,248,263,100,47,53
485,District - Dohad   (18),86,408,184,224,348,158,190,60,26,34
486,District - Vadodara (19),86,1369,617,752,497,232,265,872,385,487
487,District - Narmada (20),86,137,80,57,121,73,48,16,7,9
488,District - Bharuch (21),86,481,221,260,328,153,175,153,68,85
489,District - The Dangs (22),86,29,15,14,24,13,11,5,2,3
490,District - Navsari   (23),86,667,285,382,469,201,268,198,84,114
491,District - Valsad (24),86,524,259,265,316,161,155,208,98,110
492,District - Surat (25),86,1617,731,886,446,192,254,1171,539,632
493,District - Tapi (26),86,214,93,121,183,77,106,31,16,15
468,District - Kachchh (01),87,304,127,177,185,84,101,119,43,76
469,District - Banas Kantha (02),87,296,124,172,248,98,150,48,26,22
470,District - Patan   (03),87,187,88,99,126,58,68,61,30,31
471,District - Mahesana (04),87,313,179,134,217,118,99,96,61,35
472,District - Sabar Kantha (05),87,363,162,201,282,119,163,81,43,38
473,District - Gandhinagar (06),87,202,103,99,98,53,45,104,50,54
474,District - Ahmadabad (07),87,1750,838,912,155,66,89,1595,772,823
475,District - Surendranagar (08),87,330,144,186,201,86,115,129,58,71
476,District - Rajkot (09),87,846,395,451,353,156,197,493,239,254
477,District - Jamnagar (10),87,416,179,237,225,94,131,191,85,106
478,District - Porbandar  (11),87,92,42,50,47,20,27,45,22,23
479,District - Junagadh (12),87,495,209,286,331,142,189,164,67,97
480,District - Amreli (13),87,352,145,207,279,116,163,73,29,44
481,District - Bhavnagar (14),87,583,246,337,315,130,185,268,116,152
482,District - Anand   (15),87,402,197,205,232,118,114,170,79,91
483,District - Kheda (16),87,365,166,199,231,108,123,134,58,76
484,District - Panch Mahals (17),87,316,141,175,262,113,149,54,28,26
485,District - Dohad   (18),87,202,95,107,163,75,88,39,20,19
486,District - Vadodara (19),87,798,387,411,263,129,134,535,258,277
487,District - Narmada (20),87,77,42,35,60,29,31,17,13,4
488,District - Bharuch (21),87,271,138,133,175,85,90,96,53,43
489,District - The Dangs (22),87,15,8,7,14,7,7,1,1,0
490,District - Navsari   (23),87,393,185,208,268,130,138,125,55,70
491,District - Valsad (24),87,315,154,161,176,76,100,139,78,61
492,District - Surat (25),87,913,428,485,215,102,113,698,326,372
493,District - Tapi (26),87,121,62,59,104,51,53,17,11,6
468,District - Kachchh (01),88,353,137,216,205,73,132,148,64,84
469,District - Banas Kantha (02),88,313,111,202,273,93,180,40,18,22
470,District - Patan   (03),88,183,83,100,143,61,82,40,22,18
471,District - Mahesana (04),88,319,140,179,225,102,123,94,38,56
472,District - Sabar Kantha (05),88,413,166,247,362,142,220,51,24,27
473,District - Gandhinagar (06),88,208,88,120,113,44,69,95,44,51
474,District - Ahmadabad (07),88,1633,741,892,188,67,121,1445,674,771
475,District - Surendranagar (08),88,375,149,226,245,90,155,130,59,71
476,District - Rajkot (09),88,903,378,525,430,167,263,473,211,262
477,District - Jamnagar (10),88,473,189,284,274,105,169,199,84,115
478,District - Porbandar  (11),88,113,44,69,72,30,42,41,14,27
479,District - Junagadh (12),88,577,235,342,423,176,247,154,59,95
480,District - Amreli (13),88,423,173,250,349,144,205,74,29,45
481,District - Bhavnagar (14),88,608,223,385,373,123,250,235,100,135
482,District - Anand   (15),88,378,175,203,222,102,120,156,73,83
483,District - Kheda (16),88,407,150,257,292,105,187,115,45,70
484,District - Panch Mahals (17),88,352,131,221,307,112,195,45,19,26
485,District - Dohad   (18),88,295,121,174,258,100,158,37,21,16
486,District - Vadodara (19),88,799,363,436,289,124,165,510,239,271
487,District - Narmada (20),88,79,39,40,69,31,38,10,8,2
488,District - Bharuch (21),88,285,138,147,179,86,93,106,52,54
489,District - The Dangs (22),88,25,10,15,21,8,13,4,2,2
490,District - Navsari   (23),88,411,178,233,273,120,153,138,58,80
491,District - Valsad (24),88,349,153,196,194,83,111,155,70,85
492,District - Surat (25),88,1003,483,520,254,118,136,749,365,384
493,District - Tapi (26),88,137,62,75,120,54,66,17,8,9
468,District - Kachchh (01),89,287,112,175,174,73,101,113,39,74
469,District - Banas Kantha (02),89,224,89,135,190,77,113,34,12,22
470,District - Patan   (03),89,162,61,101,119,41,78,43,20,23
471,District - Mahesana (04),89,349,129,220,228,87,141,121,42,79
472,District - Sabar Kantha (05),89,370,160,210,300,125,175,70,35,35
473,District - Gandhinagar (06),89,214,79,135,114,42,72,100,37,63
474,District - Ahmadabad (07),89,1563,688,875,165,65,100,1398,623,775
475,District - Surendranagar (08),89,267,99,168,180,65,115,87,34,53
476,District - Rajkot (09),89,876,355,521,400,163,237,476,192,284
477,District - Jamnagar (10),89,445,164,281,261,95,166,184,69,115
478,District - Porbandar  (11),89,130,60,70,63,27,36,67,33,34
479,District - Junagadh (12),89,558,210,348,390,141,249,168,69,99
480,District - Amreli (13),89,450,180,270,354,139,215,96,41,55
481,District - Bhavnagar (14),89,665,245,420,396,144,252,269,101,168
482,District - Anand   (15),89,314,142,172,189,86,103,125,56,69
483,District - Kheda (16),89,404,190,214,288,135,153,116,55,61
484,District - Panch Mahals (17),89,292,128,164,247,103,144,45,25,20
485,District - Dohad   (18),89,240,96,144,202,77,125,38,19,19
486,District - Vadodara (19),89,700,292,408,268,115,153,432,177,255
487,District - Narmada (20),89,86,42,44,74,35,39,12,7,5
488,District - Bharuch (21),89,283,133,150,170,78,92,113,55,58
489,District - The Dangs (22),89,18,9,9,15,8,7,3,1,2
490,District - Navsari   (23),89,304,135,169,206,95,111,98,40,58
491,District - Valsad (24),89,315,134,181,167,69,98,148,65,83
492,District - Surat (25),89,897,395,502,220,89,131,677,306,371
493,District - Tapi (26),89,127,61,66,107,52,55,20,9,11
468,District - Kachchh (01),90,1483,492,991,1111,376,735,372,116,256
469,District - Banas Kantha (02),90,1680,610,1070,1478,553,925,202,57,145
470,District - Patan   (03),90,935,352,583,767,300,467,168,52,116
471,District - Mahesana (04),90,1577,537,1040,1240,426,814,337,111,226
472,District - Sabar Kantha (05),90,1707,661,1046,1537,614,923,170,47,123
473,District - Gandhinagar (06),90,911,296,615,613,212,401,298,84,214
474,District - Ahmadabad (07),90,3801,1360,2441,817,293,524,2984,1067,1917
475,District - Surendranagar (08),90,1513,504,1009,1161,412,749,352,92,260
476,District - Rajkot (09),90,3544,1207,2337,1999,713,1286,1545,494,1051
477,District - Jamnagar (10),90,2216,771,1445,1521,552,969,695,219,476
478,District - Porbandar  (11),90,574,184,390,370,117,253,204,67,137
479,District - Junagadh (12),90,2995,1048,1947,2342,834,1508,653,214,439
480,District - Amreli (13),90,2272,754,1518,1879,637,1242,393,117,276
481,District - Bhavnagar (14),90,2842,929,1913,1967,652,1315,875,277,598
482,District - Anand   (15),90,1117,407,710,801,297,504,316,110,206
483,District - Kheda (16),90,1284,506,778,1030,416,614,254,90,164
484,District - Panch Mahals (17),90,1317,580,737,1198,535,663,119,45,74
485,District - Dohad   (18),90,777,346,431,697,305,392,80,41,39
486,District - Vadodara (19),90,1905,745,1160,971,413,558,934,332,602
487,District - Narmada (20),90,246,114,132,212,105,107,34,9,25
488,District - Bharuch (21),90,651,223,428,447,152,295,204,71,133
489,District - The Dangs (22),90,47,23,24,39,20,19,8,3,5
490,District - Navsari   (23),90,753,267,486,538,200,338,215,67,148
491,District - Valsad (24),90,684,264,420,422,161,261,262,103,159
492,District - Surat (25),90,2211,804,1407,559,210,349,1652,594,1058
493,District - Tapi (26),90,307,118,189,272,101,171,35,17,18
468,District - Kachchh (01),91,402,135,267,264,80,184,138,55,83
469,District - Banas Kantha (02),91,352,142,210,304,120,184,48,22,26
470,District - Patan   (03),91,206,74,132,154,53,101,52,21,31
471,District - Mahesana (04),91,303,125,178,208,86,122,95,39,56
472,District - Sabar Kantha (05),91,354,163,191,299,139,160,55,24,31
473,District - Gandhinagar (06),91,204,82,122,114,42,72,90,40,50
474,District - Ahmadabad (07),91,1648,711,937,273,104,169,1375,607,768
475,District - Surendranagar (08),91,360,148,212,264,113,151,96,35,61
476,District - Rajkot (09),91,1133,441,692,568,225,343,565,216,349
477,District - Jamnagar (10),91,751,303,448,436,167,269,315,136,179
478,District - Porbandar  (11),91,189,77,112,118,49,69,71,28,43
479,District - Junagadh (12),91,832,310,522,596,219,377,236,91,145
480,District - Amreli (13),91,640,274,366,475,204,271,165,70,95
481,District - Bhavnagar (14),91,822,338,484,531,211,320,291,127,164
482,District - Anand   (15),91,401,166,235,250,98,152,151,68,83
483,District - Kheda (16),91,423,197,226,319,150,169,104,47,57
484,District - Panch Mahals (17),91,398,189,209,351,164,187,47,25,22
485,District - Dohad   (18),91,324,142,182,291,126,165,33,16,17
486,District - Vadodara (19),91,733,328,405,292,127,165,441,201,240
487,District - Narmada (20),91,96,59,37,85,54,31,11,5,6
488,District - Bharuch (21),91,311,133,178,188,77,111,123,56,67
489,District - The Dangs (22),91,22,8,14,18,5,13,4,3,1
490,District - Navsari   (23),91,333,141,192,233,98,135,100,43,57
491,District - Valsad (24),91,329,150,179,218,98,120,111,52,59
492,District - Surat (25),91,1120,539,581,228,103,125,892,436,456
493,District - Tapi (26),91,112,54,58,101,50,51,11,4,7
468,District - Kachchh (01),92,262,98,164,166,61,105,96,37,59
469,District - Banas Kantha (02),92,235,114,121,205,98,107,30,16,14
470,District - Patan   (03),92,164,75,89,117,54,63,47,21,26
471,District - Mahesana (04),92,255,108,147,176,75,101,79,33,46
472,District - Sabar Kantha (05),92,276,123,153,235,104,131,41,19,22
473,District - Gandhinagar (06),92,159,57,102,93,35,58,66,22,44
474,District - Ahmadabad (07),92,1307,627,680,186,86,100,1121,541,580
475,District - Surendranagar (08),92,227,91,136,156,59,97,71,32,39
476,District - Rajkot (09),92,760,349,411,352,160,192,408,189,219
477,District - Jamnagar (10),92,478,210,268,272,118,154,206,92,114
478,District - Porbandar  (11),92,113,44,69,73,24,49,40,20,20
479,District - Junagadh (12),92,514,215,299,349,142,207,165,73,92
480,District - Amreli (13),92,424,197,227,325,142,183,99,55,44
481,District - Bhavnagar (14),92,541,249,292,367,166,201,174,83,91
482,District - Anand   (15),92,319,134,185,198,90,108,121,44,77
483,District - Kheda (16),92,343,174,169,250,125,125,93,49,44
484,District - Panch Mahals (17),92,292,140,152,257,126,131,35,14,21
485,District - Dohad   (18),92,240,122,118,213,109,104,27,13,14
486,District - Vadodara (19),92,617,290,327,261,123,138,356,167,189
487,District - Narmada (20),92,62,29,33,53,26,27,9,3,6
488,District - Bharuch (21),92,228,98,130,136,64,72,92,34,58
489,District - The Dangs (22),92,16,9,7,14,7,7,2,2,0
490,District - Navsari   (23),92,264,110,154,187,76,111,77,34,43
491,District - Valsad (24),92,269,130,139,154,73,81,115,57,58
492,District - Surat (25),92,1041,547,494,197,94,103,844,453,391
493,District - Tapi (26),92,107,35,72,89,29,60,18,6,12
468,District - Kachchh (01),93,155,53,102,90,29,61,65,24,41
469,District - Banas Kantha (02),93,137,61,76,104,48,56,33,13,20
470,District - Patan   (03),93,72,29,43,52,22,30,20,7,13
471,District - Mahesana (04),93,150,71,79,87,39,48,63,32,31
472,District - Sabar Kantha (05),93,160,64,96,132,51,81,28,13,15
473,District - Gandhinagar (06),93,104,50,54,48,23,25,56,27,29
474,District - Ahmadabad (07),93,942,472,470,122,62,60,820,410,410
475,District - Surendranagar (08),93,153,68,85,104,47,57,49,21,28
476,District - Rajkot (09),93,485,215,270,225,96,129,260,119,141
477,District - Jamnagar (10),93,259,106,153,141,54,87,118,52,66
478,District - Porbandar  (11),93,61,30,31,30,16,14,31,14,17
479,District - Junagadh (12),93,290,125,165,206,89,117,84,36,48
480,District - Amreli (13),93,253,101,152,182,73,109,71,28,43
481,District - Bhavnagar (14),93,349,162,187,215,97,118,134,65,69
482,District - Anand   (15),93,206,88,118,131,57,74,75,31,44
483,District - Kheda (16),93,210,96,114,148,65,83,62,31,31
484,District - Panch Mahals (17),93,158,69,89,138,63,75,20,6,14
485,District - Dohad   (18),93,144,59,85,133,55,78,11,4,7
486,District - Vadodara (19),93,449,204,245,151,72,79,298,132,166
487,District - Narmada (20),93,37,23,14,31,18,13,6,5,1
488,District - Bharuch (21),93,163,71,92,100,44,56,63,27,36
489,District - The Dangs (22),93,15,6,9,13,6,7,2,0,2
490,District - Navsari   (23),93,183,88,95,129,62,67,54,26,28
491,District - Valsad (24),93,184,87,97,105,47,58,79,40,39
492,District - Surat (25),93,691,351,340,133,53,80,558,298,260
493,District - Tapi (26),93,72,33,39,64,30,34,8,3,5
468,District - Kachchh (01),94,174,72,102,88,33,55,86,39,47
469,District - Banas Kantha (02),94,151,58,93,124,49,75,27,9,18
470,District - Patan   (03),94,96,42,54,58,21,37,38,21,17
471,District - Mahesana (04),94,174,85,89,119,60,59,55,25,30
472,District - Sabar Kantha (05),94,166,63,103,138,52,86,28,11,17
473,District - Gandhinagar (06),94,122,60,62,67,29,38,55,31,24
474,District - Ahmadabad (07),94,1014,477,537,108,51,57,906,426,480
475,District - Surendranagar (08),94,155,61,94,117,46,71,38,15,23
476,District - Rajkot (09),94,512,230,282,228,99,129,284,131,153
477,District - Jamnagar (10),94,295,129,166,153,70,83,142,59,83
478,District - Porbandar  (11),94,67,26,41,25,7,18,42,19,23
479,District - Junagadh (12),94,348,138,210,254,96,158,94,42,52
480,District - Amreli (13),94,281,124,157,216,99,117,65,25,40
481,District - Bhavnagar (14),94,347,144,203,208,88,120,139,56,83
482,District - Anand   (15),94,202,83,119,139,59,80,63,24,39
483,District - Kheda (16),94,230,101,129,165,73,92,65,28,37
484,District - Panch Mahals (17),94,199,82,117,164,67,97,35,15,20
485,District - Dohad   (18),94,195,99,96,174,86,88,21,13,8
486,District - Vadodara (19),94,492,213,279,189,87,102,303,126,177
487,District - Narmada (20),94,44,23,21,39,21,18,5,2,3
488,District - Bharuch (21),94,158,77,81,89,39,50,69,38,31
489,District - The Dangs (22),94,13,7,6,10,6,4,3,1,2
490,District - Navsari   (23),94,171,75,96,113,49,64,58,26,32
491,District - Valsad (24),94,203,102,101,120,62,58,83,40,43
492,District - Surat (25),94,686,341,345,136,56,80,550,285,265
493,District - Tapi (26),94,96,43,53,83,37,46,13,6,7
468,District - Kachchh (01),95,437,154,283,313,118,195,124,36,88
469,District - Banas Kantha (02),95,525,206,319,446,180,266,79,26,53
470,District - Patan   (03),95,320,133,187,252,106,146,68,27,41
471,District - Mahesana (04),95,598,229,369,480,178,302,118,51,67
472,District - Sabar Kantha (05),95,620,233,387,530,206,324,90,27,63
473,District - Gandhinagar (06),95,354,113,241,212,77,135,142,36,106
474,District - Ahmadabad (07),95,1814,790,1024,316,143,173,1498,647,851
475,District - Surendranagar (08),95,469,163,306,363,131,232,106,32,74
476,District - Rajkot (09),95,1343,507,836,699,245,454,644,262,382
477,District - Jamnagar (10),95,848,337,511,544,216,328,304,121,183
478,District - Porbandar  (11),95,199,60,139,108,33,75,91,27,64
479,District - Junagadh (12),95,1047,412,635,797,316,481,250,96,154
480,District - Amreli (13),95,823,308,515,664,249,415,159,59,100
481,District - Bhavnagar (14),95,1083,402,681,754,291,463,329,111,218
482,District - Anand   (15),95,485,194,291,348,141,207,137,53,84
483,District - Kheda (16),95,541,251,290,436,207,229,105,44,61
484,District - Panch Mahals (17),95,482,248,234,428,222,206,54,26,28
485,District - Dohad   (18),95,385,206,179,350,195,155,35,11,24
486,District - Vadodara (19),95,836,370,466,415,197,218,421,173,248
487,District - Narmada (20),95,93,50,43,84,48,36,9,2,7
488,District - Bharuch (21),95,331,125,206,222,85,137,109,40,69
489,District - The Dangs (22),95,22,13,9,20,12,8,2,1,1
490,District - Navsari   (23),95,342,133,209,256,101,155,86,32,54
491,District - Valsad (24),95,356,155,201,233,107,126,123,48,75
492,District - Surat (25),95,1235,545,690,260,99,161,975,446,529
493,District - Tapi (26),95,130,56,74,111,48,63,19,8,11
468,District - Kachchh (01),96,189,77,112,113,44,69,76,33,43
469,District - Banas Kantha (02),96,146,60,86,118,50,68,28,10,18
470,District - Patan   (03),96,116,56,60,78,40,38,38,16,22
471,District - Mahesana (04),96,172,76,96,119,49,70,53,27,26
472,District - Sabar Kantha (05),96,185,89,96,150,75,75,35,14,21
473,District - Gandhinagar (06),96,142,55,87,79,34,45,63,21,42
474,District - Ahmadabad (07),96,1012,495,517,121,52,69,891,443,448
475,District - Surendranagar (08),96,161,60,101,104,38,66,57,22,35
476,District - Rajkot (09),96,621,243,378,292,115,177,329,128,201
477,District - Jamnagar (10),96,344,149,195,210,86,124,134,63,71
478,District - Porbandar  (11),96,97,36,61,66,20,46,31,16,15
479,District - Junagadh (12),96,396,174,222,289,126,163,107,48,59
480,District - Amreli (13),96,289,113,176,211,83,128,78,30,48
481,District - Bhavnagar (14),96,416,173,243,271,108,163,145,65,80
482,District - Anand   (15),96,210,92,118,148,64,84,62,28,34
483,District - Kheda (16),96,253,102,151,178,70,108,75,32,43
484,District - Panch Mahals (17),96,206,97,109,186,90,96,20,7,13
485,District - Dohad   (18),96,172,90,82,160,86,74,12,4,8
486,District - Vadodara (19),96,384,191,193,162,84,78,222,107,115
487,District - Narmada (20),96,42,25,17,40,24,16,2,1,1
488,District - Bharuch (21),96,175,84,91,101,45,56,74,39,35
489,District - The Dangs (22),96,12,1,11,11,1,10,1,0,1
490,District - Navsari   (23),96,153,64,89,114,50,64,39,14,25
491,District - Valsad (24),96,203,96,107,111,52,59,92,44,48
492,District - Surat (25),96,709,352,357,146,67,79,563,285,278
493,District - Tapi (26),96,83,48,35,75,44,31,8,4,4
468,District - Kachchh (01),97,136,59,77,89,39,50,47,20,27
469,District - Banas Kantha (02),97,91,37,54,70,30,40,21,7,14
470,District - Patan   (03),97,77,36,41,55,24,31,22,12,10
471,District - Mahesana (04),97,134,61,73,77,39,38,57,22,35
472,District - Sabar Kantha (05),97,135,68,67,117,62,55,18,6,12
473,District - Gandhinagar (06),97,90,39,51,50,25,25,40,14,26
474,District - Ahmadabad (07),97,767,377,390,94,37,57,673,340,333
475,District - Surendranagar (08),97,110,55,55,75,38,37,35,17,18
476,District - Rajkot (09),97,384,147,237,165,57,108,219,90,129
477,District - Jamnagar (10),97,220,111,109,122,64,58,98,47,51
478,District - Porbandar  (11),97,41,21,20,23,11,12,18,10,8
479,District - Junagadh (12),97,240,123,117,173,91,82,67,32,35
480,District - Amreli (13),97,227,94,133,168,66,102,59,28,31
481,District - Bhavnagar (14),97,228,110,118,144,70,74,84,40,44
482,District - Anand   (15),97,136,72,64,97,53,44,39,19,20
483,District - Kheda (16),97,193,90,103,129,65,64,64,25,39
484,District - Panch Mahals (17),97,142,70,72,123,60,63,19,10,9
485,District - Dohad   (18),97,113,47,66,104,43,61,9,4,5
486,District - Vadodara (19),97,332,156,176,135,59,76,197,97,100
487,District - Narmada (20),97,38,23,15,37,22,15,1,1,0
488,District - Bharuch (21),97,127,75,52,65,36,29,62,39,23
489,District - The Dangs (22),97,12,6,6,11,6,5,1,0,1
490,District - Navsari   (23),97,134,58,76,91,36,55,43,22,21
491,District - Valsad (24),97,159,72,87,112,56,56,47,16,31
492,District - Surat (25),97,547,278,269,131,59,72,416,219,197
493,District - Tapi (26),97,46,19,27,42,18,24,4,1,3
468,District - Kachchh (01),98,167,55,112,121,38,83,46,17,29
469,District - Banas Kantha (02),98,165,69,96,141,57,84,24,12,12
470,District - Patan   (03),98,107,50,57,83,37,46,24,13,11
471,District - Mahesana (04),98,164,70,94,121,54,67,43,16,27
472,District - Sabar Kantha (05),98,218,96,122,176,75,101,42,21,21
473,District - Gandhinagar (06),98,115,49,66,75,28,47,40,21,19
474,District - Ahmadabad (07),98,939,439,500,143,65,78,796,374,422
475,District - Surendranagar (08),98,192,78,114,141,58,83,51,20,31
476,District - Rajkot (09),98,566,246,320,286,111,175,280,135,145
477,District - Jamnagar (10),98,366,155,211,218,78,140,148,77,71
478,District - Porbandar  (11),98,76,28,48,43,12,31,33,16,17
479,District - Junagadh (12),98,407,164,243,297,125,172,110,39,71
480,District - Amreli (13),98,345,135,210,267,104,163,78,31,47
481,District - Bhavnagar (14),98,430,168,262,304,113,191,126,55,71
482,District - Anand   (15),98,218,83,135,146,54,92,72,29,43
483,District - Kheda (16),98,282,120,162,218,90,128,64,30,34
484,District - Panch Mahals (17),98,201,77,124,173,66,107,28,11,17
485,District - Dohad   (18),98,179,85,94,169,81,88,10,4,6
486,District - Vadodara (19),98,404,181,223,173,78,95,231,103,128
487,District - Narmada (20),98,52,22,30,49,21,28,3,1,2
488,District - Bharuch (21),98,151,69,82,86,29,57,65,40,25
489,District - The Dangs (22),98,14,9,5,13,8,5,1,1,0
490,District - Navsari   (23),98,143,66,77,101,44,57,42,22,20
491,District - Valsad (24),98,200,104,96,131,60,71,69,44,25
492,District - Surat (25),98,643,322,321,142,56,86,501,266,235
493,District - Tapi (26),98,89,41,48,78,36,42,11,5,6
468,District - Kachchh (01),99,140,41,99,93,25,68,47,16,31
469,District - Banas Kantha (02),99,146,50,96,126,44,82,20,6,14
470,District - Patan   (03),99,64,28,36,53,23,30,11,5,6
471,District - Mahesana (04),99,136,39,97,104,32,72,32,7,25
472,District - Sabar Kantha (05),99,154,65,89,144,61,83,10,4,6
473,District - Gandhinagar (06),99,83,28,55,57,19,38,26,9,17
474,District - Ahmadabad (07),99,476,176,300,86,26,60,390,150,240
475,District - Surendranagar (08),99,145,47,98,124,39,85,21,8,13
476,District - Rajkot (09),99,414,134,280,243,79,164,171,55,116
477,District - Jamnagar (10),99,259,85,174,170,51,119,89,34,55
478,District - Porbandar  (11),99,65,22,43,39,10,29,26,12,14
479,District - Junagadh (12),99,338,126,212,270,100,170,68,26,42
480,District - Amreli (13),99,242,89,153,202,77,125,40,12,28
481,District - Bhavnagar (14),99,336,117,219,237,86,151,99,31,68
482,District - Anand   (15),99,109,40,69,75,27,48,34,13,21
483,District - Kheda (16),99,167,60,107,134,53,81,33,7,26
484,District - Panch Mahals (17),99,159,63,96,141,57,84,18,6,12
485,District - Dohad   (18),99,120,63,57,109,60,49,11,3,8
486,District - Vadodara (19),99,241,93,148,128,53,75,113,40,73
487,District - Narmada (20),99,23,9,14,20,8,12,3,1,2
488,District - Bharuch (21),99,77,40,37,51,23,28,26,17,9
489,District - The Dangs (22),99,7,5,2,6,4,2,1,1,0
490,District - Navsari   (23),99,95,41,54,71,28,43,24,13,11
491,District - Valsad (24),99,109,55,54,66,31,35,43,24,19
492,District - Surat (25),99,284,135,149,62,24,38,222,111,111
493,District - Tapi (26),99,34,14,20,34,14,20,0,0,0
468,District - Kachchh (01),100+,781,256,525,491,133,358,290,123,167
469,District - Banas Kantha (02),100+,875,357,518,736,300,436,139,57,82
470,District - Patan   (03),100+,482,203,279,385,154,231,97,49,48
471,District - Mahesana (04),100+,1042,464,578,739,305,434,303,159,144
472,District - Sabar Kantha (05),100+,1191,482,709,1014,408,606,177,74,103
473,District - Gandhinagar (06),100+,727,324,403,422,169,253,305,155,150
474,District - Ahmadabad (07),100+,3708,1810,1898,563,224,339,3145,1586,1559
475,District - Surendranagar (08),100+,826,303,523,583,200,383,243,103,140
476,District - Rajkot (09),100+,2277,909,1368,1119,417,702,1158,492,666
477,District - Jamnagar (10),100+,1228,428,800,721,226,495,507,202,305
478,District - Porbandar  (11),100+,298,112,186,182,62,120,116,50,66
479,District - Junagadh (12),100+,1658,628,1030,1237,445,792,421,183,238
480,District - Amreli (13),100+,1192,397,795,991,327,664,201,70,131
481,District - Bhavnagar (14),100+,1820,631,1189,1235,417,818,585,214,371
482,District - Anand   (15),100+,877,376,501,575,240,335,302,136,166
483,District - Kheda (16),100+,982,441,541,809,350,459,173,91,82
484,District - Panch Mahals (17),100+,948,461,487,870,432,438,78,29,49
485,District - Dohad   (18),100+,602,304,298,549,283,266,53,21,32
486,District - Vadodara (19),100+,1802,823,979,833,376,457,969,447,522
487,District - Narmada (20),100+,179,72,107,159,66,93,20,6,14
488,District - Bharuch (21),100+,665,316,349,439,214,225,226,102,124
489,District - The Dangs (22),100+,47,23,24,39,19,20,8,4,4
490,District - Navsari   (23),100+,427,189,238,317,133,184,110,56,54
491,District - Valsad (24),100+,535,243,292,307,138,169,228,105,123
492,District - Surat (25),100+,1688,773,915,359,151,208,1329,622,707
493,District - Tapi (26),100+,244,109,135,215,96,119,29,13,16
468,District - Kachchh (01),Age not stated,3629,1909,1720,991,537,454,2638,1372,1266
469,District - Banas Kantha (02),Age not stated,2600,1348,1252,2321,1209,1112,279,139,140
470,District - Patan   (03),Age not stated,2531,1400,1131,2273,1258,1015,258,142,116
471,District - Mahesana (04),Age not stated,3603,1886,1717,1989,1071,918,1614,815,799
472,District - Sabar Kantha (05),Age not stated,3590,1890,1700,2747,1448,1299,843,442,401
473,District - Gandhinagar (06),Age not stated,5676,2912,2764,3734,1924,1810,1942,988,954
474,District - Ahmadabad (07),Age not stated,19320,10291,9029,2505,1406,1099,16815,8885,7930
475,District - Surendranagar (08),Age not stated,2899,1594,1305,1947,1088,859,952,506,446
476,District - Rajkot (09),Age not stated,11543,5829,5714,3724,1876,1848,7819,3953,3866
477,District - Jamnagar (10),Age not stated,4747,2446,2301,2168,1129,1039,2579,1317,1262
478,District - Porbandar  (11),Age not stated,1148,624,524,231,127,104,917,497,420
479,District - Junagadh (12),Age not stated,4388,2245,2143,2313,1186,1127,2075,1059,1016
480,District - Amreli (13),Age not stated,5546,2867,2679,4261,2195,2066,1285,672,613
481,District - Bhavnagar (14),Age not stated,6065,3082,2983,3310,1695,1615,2755,1387,1368
482,District - Anand   (15),Age not stated,6271,3349,2922,3800,2033,1767,2471,1316,1155
483,District - Kheda (16),Age not stated,22358,11560,10798,16321,8397,7924,6037,3163,2874
484,District - Panch Mahals (17),Age not stated,5601,2889,2712,4868,2496,2372,733,393,340
485,District - Dohad   (18),Age not stated,5202,2709,2493,4820,2499,2321,382,210,172
486,District - Vadodara (19),Age not stated,28401,14499,13902,12786,6379,6407,15615,8120,7495
487,District - Narmada (20),Age not stated,2091,1073,1018,1984,1025,959,107,48,59
488,District - Bharuch (21),Age not stated,9470,4871,4599,5396,2712,2684,4074,2159,1915
489,District - The Dangs (22),Age not stated,348,217,131,196,102,94,152,115,37
490,District - Navsari   (23),Age not stated,7352,3771,3581,4825,2490,2335,2527,1281,1246
491,District - Valsad (24),Age not stated,15366,7791,7575,10287,5090,5197,5079,2701,2378
492,District - Surat (25),Age not stated,53718,29782,23936,11069,5487,5582,42649,24295,18354
493,District - Tapi (26),Age not stated,5381,2712,2669,4816,2414,2402,565,298,267
